on 55 110 1920
on 48 111 0
off 55 127 1920
off 48 127 0
on 55 115 0
on 47 118 0
off 55 127 1920
off 47 127 0
on 52 121 0
on 55 121 0
off 52 127 960
off 55 127 0
on 50 117 0
off 50 127 480
on 48 112 0
off 48 127 480
on 55 116 0
off 55 127 1920
on 55 119 0
on 48 114 0
off 55 127 1920
off 48 127 0
on 55 117 0
on 47 114 0
off 55 127 1920
off 47 127 0
on 55 107 0
on 52 106 0
off 55 127 960
off 52 127 0
on 50 121 0
off 50 127 480
on 48 95 0
off 48 127 480
on 55 110 0
on 53 110 0
off 55 127 720
off 53 127 0
on 52 111 0
on 55 111 0
off 52 127 240
off 55 127 0
on 52 114 0
on 55 114 0
off 52 127 960
off 55 127 0
on 55 106 0
on 47 110 0
off 55 127 960
off 47 127 0
on 48 114 0
on 55 112 0
off 48 127 960
off 55 127 0
on 55 116 0
on 47 114 0
off 55 127 960
off 47 127 0
on 48 115 0
on 55 118 0
off 48 127 960
off 55 127 0
on 55 116 0
on 47 114 0
off 55 127 960
off 47 127 0
on 56 100 0
off 56 127 960
on 57 100 0
off 57 127 480
on 54 100 0
off 54 127 480
on 55 116 0
off 55 127 960
on 48 111 0
on 55 110 0
off 48 127 1920
off 55 127 0
on 47 118 0
on 55 115 0
off 47 127 1920
off 55 127 0
on 52 106 0
on 55 107 0
off 52 127 960
off 55 127 0
on 50 121 0
off 50 127 480
on 48 95 0
off 48 127 480
on 53 110 0
on 55 110 0
off 53 127 720
off 55 127 0
on 55 111 0
on 52 111 0
off 55 127 240
off 52 127 0
on 55 114 0
on 52 114 0
off 55 127 960
off 52 127 0
