on 45 120 774
off 45 64 94
on 52 120 0
off 52 64 92
on 57 120 4
off 57 64 92
on 40 120 294
off 40 64 94
on 52 120 0
off 52 64 92
on 56 120 6
off 56 64 94
on 45 120 290
off 45 64 94
on 52 120 2
off 52 64 94
on 57 120 2
off 57 64 94
on 45 120 866
off 45 64 94
on 52 120 0
off 52 64 92
on 57 120 4
off 57 64 92
on 40 120 294
off 40 64 94
on 52 120 2
off 52 64 94
on 56 120 0
off 56 64 92
on 45 120 294
off 45 64 94
on 52 120 0
off 52 64 92
on 57 120 4
off 57 64 92
on 45 120 868
off 45 64 92
on 52 120 6
off 52 64 94
on 57 120 2
off 57 64 94
on 40 120 288
off 40 64 92
on 52 120 4
off 52 64 92
on 56 120 4
off 56 64 92
on 45 120 292
off 45 64 92
on 52 120 6
off 52 64 94
on 57 120 2
off 57 64 94
on 45 120 864
off 45 64 92
on 52 120 4
off 52 64 92
on 57 120 4
off 57 64 92
on 40 120 294
off 40 64 94
on 52 120 2
off 52 64 94
on 56 120 0
off 56 64 92
on 45 120 294
off 45 64 94
on 52 120 2
off 52 64 94
on 57 120 0
off 57 64 92
on 48 120 292
off 48 64 92
on 55 120 6
off 55 64 94
on 60 120 2
off 60 64 94
on 43 120 290
off 43 64 94
on 55 120 0
off 55 64 92
on 59 120 6
off 59 64 94
on 45 120 290
off 45 64 94
on 52 120 2
off 52 64 94
on 57 120 0
off 57 64 92
on 40 120 292
off 40 64 92
on 52 120 6
off 52 64 94
on 64 120 2
off 64 64 94
on 64 120 194
off 64 64 94
on 76 120 0
off 76 64 92
on 75 120 196
off 75 64 92
on 76 120 6
off 76 64 94
on 75 120 192
off 75 64 92
on 76 120 6
off 76 64 94
on 45 120 864
off 45 64 92
on 52 120 6
off 52 64 94
on 57 120 2
off 57 64 94
on 40 120 288
off 40 64 92
on 52 120 4
off 52 64 92
on 56 120 4
off 56 64 92
on 45 120 294
off 45 64 94
on 52 120 2
off 52 64 94
on 57 120 2
off 57 64 94
on 45 120 864
off 45 64 92
on 52 120 6
off 52 64 94
on 57 120 2
off 57 64 94
on 40 120 290
off 40 64 94
on 52 120 2
off 52 64 94
on 56 120 2
off 56 64 94
on 45 120 288
off 45 64 92
on 52 120 4
off 52 64 92
on 57 120 4
off 57 64 92
on 48 120 294
off 48 64 94
on 55 120 0
off 55 64 92
on 60 120 4
off 60 64 92
on 43 120 292
off 43 64 92
on 55 120 6
off 55 64 94
on 59 120 2
off 59 64 94
on 45 120 288
off 45 64 92
on 52 120 4
off 52 64 92
on 57 120 4
off 57 64 92
on 40 120 294
off 40 64 94
on 52 120 0
off 52 64 92
on 64 120 6
off 64 64 94
on 64 120 194
off 64 64 94
on 76 120 0
off 76 64 92
on 75 120 198
off 75 64 94
on 76 120 0
off 76 64 92
on 75 120 196
off 75 64 92
on 76 120 4
off 76 64 92
on 45 120 870
off 45 64 94
on 52 120 2
off 52 64 94
on 57 120 0
off 57 64 92
on 40 120 292
off 40 64 92
on 52 120 6
off 52 64 94
on 56 120 2
off 56 64 94
on 45 120 290
off 45 64 94
on 52 120 2
off 52 64 94
on 57 120 0
off 57 64 92
on 45 120 868
off 45 64 92
on 52 120 4
off 52 64 92
on 57 120 6
off 57 64 94
on 40 120 288
off 40 64 92
on 52 120 4
off 52 64 92
on 56 120 4
off 56 64 92
on 45 120 292
off 45 64 92
on 52 120 6
off 52 64 94
on 57 120 0
off 57 64 92
on 58 120 6
on 60 120 0
off 58 64 94
off 60 64 0
on 57 120 2
on 60 120 0
off 57 64 94
off 60 64 0
on 58 120 2
on 55 120 0
on 60 120 0
off 58 64 94
off 55 64 0
off 60 64 0
on 53 120 0
off 53 64 92
on 57 120 4
off 57 64 92
on 60 120 4
off 60 64 92
on 57 120 6
off 57 64 94
on 60 120 2
off 60 64 94
on 57 120 2
off 57 64 94
on 53 120 0
off 53 64 92
on 58 120 4
off 58 64 92
on 62 120 4
off 62 64 92
on 58 120 6
off 58 64 94
on 62 120 0
off 62 64 92
on 58 120 6
off 58 64 94
on 53 120 0
off 53 64 92
on 62 120 6
off 62 64 94
on 55 120 2
on 58 120 0
on 53 120 0
off 55 64 94
off 58 64 0
off 53 64 0
on 62 120 2
off 62 64 94
on 58 120 0
on 55 120 2
on 53 120 0
off 58 64 90
off 55 64 4
off 53 64 0
on 62 120 0
off 62 64 92
on 53 120 4
off 53 64 92
on 57 120 4
off 57 64 92
on 60 120 4
off 60 64 92
on 57 120 6
off 57 64 94
on 60 120 0
off 60 64 92
on 57 120 6
off 57 64 94
on 53 120 2
off 53 64 94
on 57 120 2
off 57 64 94
on 60 120 2
off 60 64 94
on 57 120 2
off 57 64 94
on 60 120 0
off 60 64 92
on 57 120 6
off 57 64 94
on 52 120 2
off 52 64 94
on 57 120 0
off 57 64 92
on 60 120 4
off 60 64 92
on 57 120 4
off 57 64 92
on 50 120 6
on 62 120 0
off 50 64 94
off 62 64 0
on 53 120 2
off 53 64 94
on 55 120 0
off 55 64 92
on 64 120 4
off 64 64 92
on 55 120 4
off 55 64 92
on 64 120 4
off 64 64 92
on 55 120 6
off 55 64 94
on 65 120 2
off 65 64 94
on 60 120 2
on 64 120 0
off 60 64 94
off 64 64 0
on 67 120 194
on 65 120 0
off 65 64 94
off 67 64 0
on 67 120 0
on 64 120 0
off 67 64 92
off 64 64 0
on 65 120 4
on 67 120 0
on 62 120 0
off 65 64 92
off 67 64 0
off 62 64 0
on 67 120 4
on 64 120 2
on 60 120 0
off 67 64 90
off 64 64 4
off 60 64 0
on 57 120 96
on 53 120 2
off 57 64 186
off 53 64 4
on 59 120 0
on 55 120 2
off 59 64 90
off 55 64 4
on 60 120 96
off 60 64 92
on 67 120 196
on 65 120 2
off 67 64 90
off 65 64 4
on 67 120 0
on 64 120 2
off 67 64 90
off 64 64 4
on 67 120 0
on 62 120 0
on 65 120 2
off 67 64 90
off 62 64 0
off 65 64 4
on 64 120 0
on 67 120 2
on 60 120 0
off 64 64 90
off 67 64 4
off 60 64 0
on 53 120 98
on 57 120 0
off 53 64 94
off 57 64 0
on 59 120 96
on 55 120 0
off 59 64 92
off 55 64 0
on 59 120 102
on 56 120 0
off 59 64 190
off 56 64 0
on 75 120 1442
off 75 64 94
on 76 120 2
off 76 64 94
on 75 120 194
off 75 64 94
on 76 120 0
off 76 64 92
on 45 120 676
off 45 64 92
on 52 120 6
off 52 64 94
on 57 120 2
off 57 64 94
on 40 120 290
off 40 64 94
on 52 120 2
off 52 64 94
on 56 120 2
off 56 64 94
on 45 120 288
off 45 64 92
on 52 120 6
off 52 64 94
on 57 120 0
off 57 64 92
on 45 120 870
off 45 64 94
on 52 120 0
off 52 64 92
on 57 120 6
off 57 64 94
on 40 120 288
off 40 64 92
on 52 120 4
off 52 64 92
on 56 120 4
off 56 64 92
on 45 120 292
off 45 64 92
on 52 120 4
off 52 64 92
on 57 120 4
off 57 64 92
on 48 120 292
off 48 64 92
on 55 120 6
off 55 64 94
on 60 120 0
off 60 64 92
on 43 120 292
off 43 64 92
on 55 120 6
off 55 64 94
on 59 120 0
off 59 64 92
on 45 120 294
off 45 64 94
on 52 120 0
off 52 64 92
on 57 120 6
off 57 64 94
on 40 120 290
off 40 64 94
on 52 120 2
off 52 64 94
on 64 120 2
off 64 64 94
on 64 120 192
off 64 64 92
on 76 120 4
off 76 64 92
on 75 120 198
off 75 64 94
on 76 120 2
off 76 64 94
on 75 120 194
off 75 64 94
on 76 120 2
off 76 64 94
on 45 120 866
off 45 64 94
on 52 120 2
off 52 64 94
on 57 120 2
off 57 64 94
on 40 120 288
off 40 64 92
on 52 120 6
off 52 64 94
on 56 120 2
off 56 64 94
on 45 120 290
off 45 64 94
on 52 120 2
off 52 64 94
on 57 120 2
off 57 64 94
on 45 120 866
off 45 64 94
on 52 120 2
off 52 64 94
on 57 120 0
off 57 64 92
on 40 120 294
off 40 64 94
on 52 120 2
off 52 64 94
on 56 120 2
off 56 64 94
on 45 120 288
off 45 64 92
on 45 120 6
off 45 64 94
on 45 120 2
off 45 64 94
on 45 120 2
off 45 64 94
on 45 120 2
off 45 64 94
on 45 120 2
off 45 64 94
on 45 120 0
off 45 64 92
on 45 120 6
off 45 64 94
on 45 120 0
off 45 64 92
on 45 120 6
off 45 64 94
on 45 120 0
off 45 64 92
on 45 120 4
off 45 64 92
on 45 120 6
off 45 64 94
on 45 120 2
off 45 64 94
on 45 120 2
off 45 64 94
on 45 120 2
off 45 64 94
on 45 120 2
off 45 64 94
on 45 120 2
off 45 64 94
on 45 120 2
off 45 64 94
on 45 120 2
off 45 64 94
on 45 120 2
off 45 64 94
on 45 120 0
off 45 64 92
on 45 120 6
off 45 64 94
on 45 120 2
off 45 64 94
on 45 120 2
off 45 64 94
on 45 120 0
off 45 64 92
on 45 120 4
off 45 64 92
on 45 120 6
off 45 64 94
on 45 120 2
off 45 64 94
on 45 120 0
off 45 64 92
on 45 120 4
on 38 120 2
off 45 64 90
off 38 64 4
on 38 120 0
on 45 120 2
off 38 64 90
off 45 64 4
on 38 120 0
on 45 120 0
off 38 64 92
off 45 64 0
on 45 120 4
on 38 120 0
off 38 64 92
off 45 64 0
on 45 120 4
on 38 120 0
off 45 64 92
off 38 64 0
on 38 120 4
on 45 120 2
off 38 64 90
off 45 64 4
on 39 120 0
on 45 120 2
off 39 64 90
off 45 64 4
on 45 120 0
on 39 120 0
off 45 64 92
off 39 64 0
on 39 120 4
on 45 120 2
off 39 64 90
off 45 64 4
on 45 120 0
on 39 120 2
off 45 64 90
off 39 64 4
on 45 120 2
on 39 120 0
off 45 64 94
off 39 64 0
on 39 120 2
on 45 120 0
off 39 64 94
off 45 64 0
on 45 120 0
on 40 120 0
off 45 64 92
off 40 64 0
on 45 120 4
on 40 120 2
off 45 64 90
off 40 64 4
on 40 120 2
on 45 120 0
off 40 64 94
off 45 64 0
on 45 120 0
on 40 120 2
off 45 64 90
off 40 64 4
on 40 120 0
on 44 120 2
off 40 64 90
off 44 64 4
on 44 120 0
on 40 120 0
off 44 64 92
off 40 64 0
on 33 120 6
on 45 120 0
off 45 64 94
on 45 120 0
off 45 64 92
off 33 64 4
on 45 120 0
off 45 64 92
on 45 120 4
off 45 64 92
on 45 120 4
off 45 64 92
on 45 120 4
off 45 64 92
on 45 120 6
off 45 64 94
on 45 120 2
off 45 64 94
on 45 120 2
off 45 64 94
on 45 120 0
off 45 64 92
on 45 120 4
off 45 64 92
on 45 120 6
off 45 64 94
on 45 120 2
off 45 64 94
on 45 120 0
off 45 64 92
on 45 120 6
off 45 64 94
on 45 120 0
off 45 64 92
on 45 120 6
off 45 64 94
on 45 120 2
off 45 64 94
on 45 120 0
off 45 64 92
on 45 120 4
off 45 64 92
on 45 120 4
off 45 64 92
on 45 120 4
off 45 64 92
on 45 120 4
off 45 64 92
on 45 120 4
off 45 64 92
on 46 120 6
off 46 64 94
on 46 120 0
off 46 64 92
on 46 120 6
off 46 64 94
on 46 120 2
off 46 64 94
on 46 120 2
off 46 64 94
on 46 120 2
off 46 64 94
on 46 120 2
off 46 64 94
on 46 120 2
off 46 64 94
on 46 120 0
off 46 64 92
on 46 120 4
off 46 64 92
on 46 120 6
off 46 64 94
on 46 120 2
off 46 64 94
on 46 120 0
off 46 64 92
on 46 120 4
off 46 64 92
on 46 120 6
off 46 64 94
on 46 120 0
off 46 64 92
on 46 120 4
off 46 64 92
on 46 120 6
off 46 64 94
on 47 120 2
off 47 64 94
on 47 120 2
off 47 64 94
on 47 120 2
off 47 64 94
on 47 120 2
off 47 64 94
on 47 120 2
off 47 64 94
on 47 120 2
off 47 64 94
on 48 120 2
off 48 64 190
on 52 120 384
on 56 120 2
off 52 64 186
off 56 64 4
on 33 120 384
off 33 64 188
on 57 120 196
on 64 120 2
on 60 120 0
off 57 64 90
off 64 64 4
off 60 64 96
on 64 120 0
on 60 120 0
on 57 120 2
off 64 64 90
off 60 64 0
off 57 64 4
on 57 120 288
on 60 120 0
on 64 120 2
off 57 64 90
off 60 64 0
off 64 64 4
on 64 120 96
on 57 120 0
on 60 120 2
off 64 64 90
off 57 64 0
off 60 64 4
on 64 120 288
on 57 120 2
on 60 120 0
off 64 64 90
off 57 64 4
off 60 64 0
on 57 120 96
on 64 120 0
on 60 120 0
off 57 64 92
off 64 64 0
off 60 64 0
on 45 120 1636
off 45 64 92
on 52 120 6
off 52 64 94
on 57 120 0
off 57 64 92
on 40 120 294
off 40 64 94
on 52 120 0
off 52 64 92
on 56 120 6
off 56 64 94
on 45 120 290
off 45 64 94
on 52 120 0
off 52 64 92
on 57 120 4
off 57 64 92
on 45 120 868
off 45 64 92
on 52 120 6
off 52 64 94
on 57 120 2
off 57 64 94
on 40 120 290
off 40 64 94
on 52 120 2
off 52 64 94
on 56 120 2
off 56 64 94
on 45 120 288
off 45 64 92
on 52 120 6
off 52 64 94
on 57 120 2
off 57 64 94
on 48 120 290
off 48 64 94
on 55 120 2
off 55 64 94
on 60 120 2
off 60 64 94
on 43 120 288
off 43 64 92
on 55 120 4
off 55 64 92
on 59 120 6
off 59 64 94
on 45 120 290
off 45 64 94
on 52 120 2
off 52 64 94
on 57 120 2
off 57 64 94
on 40 120 290
off 40 64 94
on 52 120 0
off 52 64 92
on 64 120 4
off 64 64 92
on 64 120 196
off 64 64 92
on 76 120 6
off 76 64 94
on 75 120 192
off 75 64 92
on 76 120 4
off 76 64 92
on 75 120 198
off 75 64 94
on 76 120 0
off 76 64 92
on 45 120 868
off 45 64 92
on 52 120 6
off 52 64 94
on 57 120 2
off 57 64 94
on 40 120 290
off 40 64 94
on 52 120 0
off 52 64 92
on 56 120 6
off 56 64 94
on 45 120 288
off 45 64 92
on 52 120 4
off 52 64 92
on 57 120 4
off 57 64 92
on 45 120 868
off 45 64 92
on 52 120 6
off 52 64 94
on 57 120 2
off 57 64 94
on 40 120 290
off 40 64 94
on 52 120 2
off 52 64 94
on 56 120 0
off 56 64 92
on 33 120 292
on 45 120 2
off 33 64 378
off 45 64 4
