on 45 120 272
off 45 64 92
on 52 120 6
off 52 64 74
on 57 120 2
off 57 64 80
on 40 120 288
off 40 64 76
on 52 120 6
off 52 64 90
on 56 120 0
off 56 64 92
on 45 120 294
off 45 64 84
on 52 120 2
off 52 64 94
on 57 120 2
off 57 64 94
on 45 120 864
off 45 64 74
on 52 120 6
off 52 64 72
on 57 120 0
off 57 64 92
on 40 120 292
off 40 64 70
on 52 120 6
off 52 64 40
on 56 120 2
off 56 64 94
on 45 120 288
off 45 64 90
on 52 120 4
off 52 64 68
on 57 120 4
off 57 64 92
on 45 120 870
off 45 64 78
on 52 120 2
off 52 64 42
on 57 120 0
off 57 64 92
on 40 120 294
off 40 64 64
on 52 120 0
off 52 64 32
on 56 120 4
off 56 64 92
on 45 120 292
off 45 64 58
on 52 120 6
off 52 64 52
on 57 120 0
off 57 64 92
on 45 120 870
off 45 64 64
on 52 120 0
off 52 64 28
on 57 120 4
off 57 64 92
on 40 120 292
off 40 64 76
on 52 120 6
off 52 64 56
on 56 120 2
off 56 64 94
on 45 120 290
off 45 64 72
on 52 120 2
off 52 64 64
on 57 120 2
off 57 64 94
on 48 120 290
off 48 64 78
on 55 120 0
off 55 64 54
on 60 120 6
off 60 64 94
on 43 120 290
off 43 64 74
on 55 120 0
off 55 64 58
on 59 120 6
off 59 64 94
on 45 120 288
off 45 64 92
on 52 120 6
off 52 64 88
on 57 120 0
off 57 64 92
on 40 120 26
off 40 64 4
on 52 120 4
off 52 64 92
on 64 120 6
off 64 64 94
on 64 120 194
off 64 64 94
on 76 120 2
off 76 64 94
on 75 120 44
off 75 64 14
on 76 120 0
off 76 64 92
on 75 120 198
off 75 64 94
on 76 120 0
off 76 64 92
on 45 120 870
off 45 64 68
on 52 120 0
off 52 64 44
on 57 120 4
off 57 64 92
on 40 120 292
off 40 64 84
on 52 120 4
off 52 64 60
on 56 120 4
off 56 64 92
on 45 120 292
off 45 64 76
on 52 120 4
off 52 64 54
on 57 120 4
off 57 64 92
on 45 120 870
off 45 64 68
on 52 120 2
off 52 64 56
on 57 120 0
off 57 64 92
on 40 120 292
off 40 64 90
on 52 120 4
off 52 64 74
on 56 120 6
off 56 64 94
on 45 120 288
off 45 64 70
on 52 120 4
off 52 64 54
on 57 120 6
off 57 64 94
on 48 120 290
off 48 64 80
on 55 120 0
off 55 64 68
on 60 120 6
off 60 64 94
on 43 120 290
off 43 64 90
on 55 120 2
off 55 64 48
on 59 120 0
off 59 64 92
on 45 120 294
off 45 64 90
on 52 120 2
off 52 64 72
on 57 120 2
off 57 64 94
on 40 120 12
off 40 64 94
on 52 120 2
off 52 64 90
on 64 120 2
off 64 64 94
on 64 120 194
off 64 64 94
on 76 120 0
off 76 64 92
on 75 120 62
off 75 64 44
on 76 120 6
off 76 64 94
on 75 120 192
off 75 64 92
on 76 120 6
off 76 64 94
on 45 120 866
off 45 64 68
on 52 120 0
off 52 64 42
on 57 120 6
off 57 64 94
on 40 120 288
off 40 64 68
on 52 120 6
off 52 64 62
on 56 120 0
off 56 64 92
on 45 120 6
off 45 64 94
on 52 120 0
off 52 64 86
on 57 120 6
off 57 64 94
on 45 120 864
off 45 64 84
on 52 120 4
off 52 64 70
on 57 120 6
off 57 64 94
on 40 120 288
off 40 64 58
on 52 120 6
off 52 64 42
on 56 120 2
off 56 64 94
on 45 120 288
off 45 64 90
on 52 120 4
off 52 64 86
on 57 120 4
off 57 64 92
on 60 120 4
on 58 120 2
off 60 64 90
off 58 64 4
on 57 120 2
on 60 120 0
off 57 64 94
off 60 64 0
on 60 120 0
on 55 120 2
on 58 120 0
off 60 64 90
off 55 64 4
off 58 64 0
on 53 120 0
off 53 64 92
on 57 120 4
off 57 64 92
on 60 120 4
off 60 64 92
on 57 120 6
off 57 64 94
on 60 120 2
off 60 64 94
on 57 120 2
off 57 64 94
on 53 120 2
off 53 64 74
on 58 120 2
off 58 64 78
on 62 120 2
off 62 64 94
on 58 120 2
off 58 64 94
on 62 120 2
off 62 64 94
on 58 120 0
off 58 64 92
on 53 120 4
off 53 64 80
on 62 120 4
off 62 64 86
on 53 120 4
on 58 120 2
on 55 120 0
off 53 64 90
off 58 64 4
off 55 64 0
on 62 120 2
off 62 64 94
on 58 120 2
on 55 120 0
on 53 120 0
off 58 64 94
off 55 64 0
off 53 64 0
on 62 120 0
off 62 64 92
on 53 120 6
off 53 64 94
on 57 120 2
off 57 64 90
on 60 120 2
off 60 64 94
on 57 120 0
off 57 64 92
on 60 120 6
off 60 64 94
on 57 120 0
off 57 64 6
on 53 120 4
off 53 64 92
on 57 120 4
off 57 64 68
on 60 120 6
off 60 64 94
on 57 120 2
off 57 64 94
on 60 120 0
off 60 64 92
on 57 120 6
off 57 64 94
on 52 120 2
off 52 64 94
on 57 120 0
off 57 64 70
on 60 120 4
off 60 64 92
on 57 120 6
off 57 64 94
on 50 120 2
on 62 120 0
off 50 64 94
off 62 64 0
on 53 120 0
off 53 64 52
on 55 120 6
off 55 64 4
on 64 120 2
off 64 64 94
on 55 120 2
off 55 64 94
on 64 120 0
off 64 64 92
on 55 120 4
off 55 64 28
on 65 120 6
off 65 64 14
on 60 120 0
on 64 120 0
off 60 64 92
off 64 64 0
on 67 120 196
on 65 120 2
off 67 64 90
off 65 64 4
on 64 120 0
on 67 120 2
off 64 64 90
off 67 64 4
on 62 120 0
on 67 120 0
on 65 120 2
off 62 64 68
off 67 64 0
off 65 64 4
on 60 120 0
on 64 120 2
on 67 120 0
off 60 64 90
off 64 64 4
off 67 64 0
on 57 120 96
on 53 120 2
off 57 64 52
off 53 64 4
on 59 120 2
on 55 120 0
off 59 64 52
off 55 64 0
on 60 120 32
off 60 64 26
on 67 120 64
on 65 120 2
off 67 64 64
off 65 64 4
on 64 120 0
on 67 120 0
off 64 64 64
off 67 64 0
on 65 120 4
on 62 120 0
on 67 120 2
off 65 64 68
off 62 64 0
off 67 64 4
on 67 120 0
on 60 120 0
on 64 120 2
off 67 64 76
off 60 64 0
off 64 64 4
on 53 120 82
on 57 120 0
off 53 64 30
off 57 64 0
on 59 120 44
on 55 120 0
off 59 64 58
off 55 64 0
on 59 120 30
on 56 120 2
off 59 64 172
off 56 64 4
on 75 120 346
off 75 64 92
on 76 120 4
off 76 64 80
on 75 120 176
off 75 64 94
on 76 120 2
off 76 64 94
on 45 120 672
off 45 64 70
on 52 120 4
off 52 64 64
on 57 120 4
off 57 64 92
on 40 120 294
off 40 64 88
on 52 120 0
off 52 64 74
on 56 120 4
off 56 64 92
on 45 120 4
off 45 64 92
on 52 120 6
off 52 64 94
on 57 120 0
off 57 64 92
on 45 120 868
off 45 64 76
on 52 120 6
off 52 64 58
on 57 120 2
off 57 64 94
on 40 120 290
off 40 64 84
on 52 120 0
off 52 64 64
on 56 120 4
off 56 64 92
on 45 120 6
off 45 64 94
on 52 120 0
off 52 64 74
on 57 120 6
off 57 64 94
on 48 120 290
off 48 64 88
on 55 120 0
off 55 64 60
on 60 120 6
off 60 64 94
on 43 120 288
off 43 64 90
on 55 120 6
off 55 64 72
on 59 120 0
off 59 64 92
on 45 120 292
off 45 64 92
on 52 120 6
off 52 64 78
on 57 120 0
off 57 64 92
on 40 120 0
off 40 64 92
on 52 120 6
off 52 64 90
on 64 120 0
off 64 64 92
on 64 120 196
off 64 64 92
on 76 120 4
off 76 64 92
on 75 120 196
off 75 64 28
on 76 120 4
off 76 64 12
on 75 120 196
off 75 64 92
on 76 120 4
off 76 64 92
on 45 120 870
off 45 64 80
on 52 120 0
off 52 64 58
on 57 120 6
off 57 64 94
on 40 120 288
off 40 64 84
on 52 120 4
off 52 64 68
on 56 120 6
off 56 64 94
on 45 120 290
off 45 64 78
on 52 120 2
off 52 64 56
on 57 120 2
off 57 64 94
on 45 120 864
off 45 64 42
on 52 120 4
off 52 64 22
on 57 120 6
off 57 64 94
on 40 120 288
off 40 64 44
on 52 120 4
off 52 64 32
on 56 120 4
off 56 64 92
on 45 120 292
off 45 64 74
on 45 120 6
off 45 64 62
on 45 120 0
off 45 64 92
on 45 120 4
off 45 64 92
on 45 120 6
off 45 64 94
on 45 120 2
off 45 64 94
on 45 120 2
off 45 64 68
on 45 120 0
off 45 64 64
on 45 120 6
off 45 64 94
on 45 120 2
off 45 64 94
on 45 120 0
off 45 64 92
on 45 120 4
off 45 64 92
on 45 120 4
off 45 64 80
on 45 120 4
off 45 64 84
on 45 120 6
off 45 64 94
on 45 120 0
off 45 64 92
on 45 120 4
off 45 64 92
on 45 120 4
off 45 64 92
on 45 120 4
off 45 64 90
on 45 120 4
off 45 64 76
on 45 120 6
off 45 64 94
on 45 120 0
off 45 64 92
on 45 120 6
off 45 64 94
on 45 120 0
off 45 64 92
on 45 120 6
off 45 64 10
on 45 120 0
off 45 64 92
on 45 120 6
off 45 64 94
on 45 120 0
off 45 64 92
on 45 120 6
off 45 64 94
on 45 120 0
off 45 64 92
on 45 120 6
on 38 120 0
off 45 64 94
off 38 64 0
on 45 120 2
on 38 120 0
off 45 64 94
off 38 64 0
on 38 120 0
on 45 120 2
off 38 64 90
off 45 64 4
on 45 120 2
on 38 120 0
off 38 64 94
off 45 64 0
on 45 120 0
on 38 120 2
off 45 64 90
off 38 64 4
on 45 120 0
on 38 120 2
off 45 64 90
off 38 64 4
on 39 120 2
on 45 120 0
off 39 64 94
off 45 64 0
on 45 120 0
on 39 120 2
off 45 64 74
off 39 64 4
on 45 120 2
on 39 120 0
off 45 64 94
off 39 64 0
on 39 120 0
on 45 120 0
off 39 64 92
off 45 64 0
on 45 120 4
on 39 120 2
off 45 64 90
off 39 64 4
on 39 120 0
on 45 120 0
off 39 64 92
off 45 64 0
on 45 120 4
on 40 120 0
off 45 64 90
off 40 64 0
on 45 120 6
on 40 120 0
off 45 64 94
off 40 64 0
on 40 120 0
on 45 120 2
off 40 64 90
off 45 64 4
on 40 120 0
on 45 120 2
off 40 64 90
off 45 64 4
on 44 120 0
on 40 120 0
off 44 64 92
off 40 64 0
on 44 120 6
on 40 120 0
off 44 64 14
off 40 64 0
on 33 120 0
on 45 120 0
off 45 64 92
on 45 120 4
off 33 64 92
off 45 64 0
on 45 120 6
off 45 64 94
on 45 120 2
off 45 64 94
on 45 120 2
off 45 64 94
on 45 120 2
off 45 64 94
on 45 120 2
off 45 64 84
on 45 120 2
off 45 64 68
on 45 120 2
off 45 64 94
on 45 120 2
off 45 64 94
on 45 120 0
off 45 64 92
on 45 120 4
off 45 64 92
on 45 120 4
off 45 64 90
on 45 120 6
off 45 64 78
on 45 120 2
off 45 64 94
on 45 120 2
off 45 64 94
on 45 120 2
off 45 64 94
on 45 120 2
off 45 64 94
on 45 120 2
off 45 64 78
on 45 120 2
off 45 64 64
on 45 120 0
off 45 64 92
on 45 120 4
off 45 64 92
on 45 120 6
off 45 64 94
on 45 120 0
off 45 64 92
on 46 120 4
off 46 64 68
on 46 120 6
off 46 64 56
on 46 120 0
off 46 64 92
on 46 120 4
off 46 64 92
on 46 120 6
off 46 64 94
on 46 120 2
off 46 64 94
on 46 120 2
off 46 64 90
on 46 120 0
off 46 64 68
on 46 120 6
off 46 64 94
on 46 120 0
off 46 64 92
on 46 120 4
off 46 64 92
on 46 120 4
off 46 64 92
on 46 120 6
off 46 64 94
on 46 120 0
off 46 64 80
on 46 120 4
off 46 64 92
on 46 120 4
off 46 64 92
on 46 120 6
off 46 64 94
on 46 120 2
off 46 64 94
on 47 120 0
off 47 64 76
on 47 120 4
off 47 64 48
on 47 120 6
off 47 64 94
on 47 120 0
off 47 64 92
on 47 120 6
off 47 64 94
on 47 120 0
off 47 64 92
on 48 120 4
off 48 64 92
on 52 120 388
on 56 120 0
off 52 64 48
off 56 64 0
on 33 120 390
off 33 64 184
on 64 120 134
on 60 120 0
on 57 120 0
off 64 64 94
off 57 64 0
off 60 64 96
on 64 120 2
on 57 120 0
on 60 120 0
off 64 64 94
off 57 64 0
off 60 64 0
on 57 120 288
on 60 120 0
on 64 120 2
off 57 64 90
off 60 64 0
off 64 64 4
on 64 120 96
on 57 120 0
on 60 120 0
off 64 64 92
off 57 64 0
off 60 64 0
on 64 120 292
on 60 120 0
on 57 120 2
off 64 64 90
off 60 64 0
off 57 64 4
on 60 120 88
on 64 120 0
on 57 120 2
off 60 64 64
off 64 64 0
off 57 64 4
on 45 120 1624
off 45 64 90
on 52 120 6
off 52 64 56
on 57 120 2
off 57 64 94
on 40 120 288
off 40 64 54
on 52 120 6
off 52 64 26
on 56 120 0
off 56 64 92
on 45 120 292
off 45 64 58
on 52 120 4
off 52 64 42
on 57 120 4
off 57 64 92
on 45 120 868
off 45 64 90
on 52 120 6
off 52 64 10
on 57 120 2
off 57 64 94
on 40 120 288
off 40 64 84
on 52 120 6
off 52 64 30
on 56 120 0
off 56 64 92
on 45 120 294
off 45 64 74
on 52 120 2
off 52 64 56
on 57 120 2
off 57 64 94
on 48 120 290
off 48 64 88
on 55 120 2
off 55 64 48
on 60 120 2
off 60 64 94
on 43 120 2
off 43 64 94
on 55 120 2
off 55 64 68
on 59 120 0
off 59 64 92
on 45 120 292
off 45 64 48
on 52 120 4
off 52 64 92
on 57 120 4
off 57 64 84
on 40 120 292
off 40 64 90
on 52 120 6
off 52 64 78
on 64 120 0
off 64 64 92
on 64 120 196
off 64 64 92
on 76 120 6
off 76 64 94
on 75 120 192
off 75 64 92
on 76 120 6
off 76 64 94
on 75 120 194
off 75 64 94
on 76 120 2
off 76 64 94
on 45 120 866
off 45 64 78
on 52 120 0
off 52 64 52
on 57 120 6
off 57 64 94
on 40 120 290
off 40 64 72
on 52 120 0
off 52 64 42
on 56 120 6
off 56 64 94
on 45 120 288
off 45 64 68
on 52 120 4
off 52 64 52
on 57 120 6
off 57 64 94
on 45 120 864
off 45 64 86
on 52 120 4
off 52 64 64
on 57 120 6
off 57 64 94
on 40 120 288
off 40 64 68
on 52 120 4
off 52 64 32
on 56 120 4
off 56 64 92
on 45 120 20
on 33 120 2
off 45 64 340
off 33 64 4
