on 76 120 4
off 76 64 92
on 75 120 6
off 75 64 94
on 76 120 0
off 76 64 92
on 75 120 4
off 75 64 92
on 76 120 4
off 76 64 92
on 71 120 4
off 71 64 92
on 74 120 6
off 74 64 94
on 72 120 2
off 72 64 94
on 69 120 0
off 69 64 188
on 60 120 100
off 60 64 92
on 64 120 6
off 64 64 94
on 69 120 2
off 69 64 94
on 71 120 0
off 71 64 188
on 64 120 102
off 64 64 94
on 68 120 2
off 68 64 94
on 71 120 0
off 71 64 92
on 72 120 4
off 72 64 188
on 64 120 100
off 64 64 92
on 76 120 4
off 76 64 92
on 75 120 4
off 75 64 92
on 76 120 4
off 76 64 92
on 75 120 6
off 75 64 94
on 76 120 0
off 76 64 92
on 71 120 4
off 71 64 92
on 74 120 6
off 74 64 94
on 72 120 0
off 72 64 92
on 69 120 4
off 69 64 188
on 60 120 102
off 60 64 94
on 64 120 0
off 64 64 92
on 69 120 6
off 69 64 94
on 71 120 0
off 71 64 284
on 62 120 4
on 72 120 98
off 72 64 94
on 71 120 0
off 62 64 92
off 71 64 0
on 69 120 4
on 60 120 2
off 69 64 186
off 60 64 4
on 76 120 194
off 76 64 94
on 75 120 0
off 75 64 92
on 76 120 6
off 76 64 94
on 75 120 0
off 75 64 92
on 76 120 6
off 76 64 94
on 71 120 2
off 71 64 94
on 74 120 0
off 74 64 92
on 72 120 4
off 72 64 92
on 69 120 4
off 69 64 188
on 60 120 100
off 60 64 92
on 64 120 4
off 64 64 92
on 69 120 6
off 69 64 94
on 71 120 2
off 71 64 190
on 64 120 96
off 64 64 92
on 68 120 4
off 68 64 92
on 71 120 6
off 71 64 94
on 72 120 2
off 72 64 190
on 64 120 96
off 64 64 92
on 76 120 4
off 76 64 92
on 75 120 6
off 75 64 94
on 76 120 2
off 76 64 94
on 75 120 2
off 75 64 94
on 76 120 0
off 76 64 92
on 71 120 4
off 71 64 92
on 74 120 4
off 74 64 92
on 72 120 4
off 72 64 92
on 69 120 4
off 69 64 188
on 60 120 100
off 60 64 92
on 64 120 6
off 64 64 94
on 69 120 0
off 69 64 92
on 71 120 4
off 71 64 188
on 62 120 100
on 72 120 96
off 72 64 92
on 71 120 4
off 62 64 92
off 71 64 0
on 60 120 4
on 69 120 0
off 60 64 188
off 69 64 0
on 71 120 100
off 71 64 92
on 72 120 4
off 72 64 92
on 74 120 4
off 74 64 92
on 76 120 6
off 76 64 286
on 67 120 2
off 67 64 94
on 77 120 2
off 77 64 94
on 76 120 0
off 76 64 92
on 74 120 6
off 74 64 286
on 65 120 0
off 65 64 92
on 76 120 4
off 76 64 92
on 74 120 4
off 74 64 92
on 72 120 6
off 72 64 286
on 64 120 0
off 64 64 92
on 74 120 6
off 74 64 94
on 72 120 0
off 72 64 92
on 71 120 4
off 71 64 92
on 64 120 198
off 64 64 94
on 76 120 2
off 76 64 94
on 76 120 194
off 76 64 94
on 88 120 2
off 88 64 94
on 75 120 192
off 75 64 92
on 76 120 4
off 76 64 92
on 75 120 196
off 75 64 92
on 76 120 6
off 76 64 94
on 75 120 2
off 75 64 94
on 76 120 2
off 76 64 94
on 75 120 2
off 75 64 94
on 76 120 0
off 76 64 92
on 71 120 6
off 71 64 94
on 74 120 0
off 74 64 92
on 72 120 4
off 72 64 92
on 69 120 6
off 69 64 190
on 60 120 96
off 60 64 92
on 64 120 4
off 64 64 92
on 69 120 4
off 69 64 92
on 71 120 6
off 71 64 190
on 64 120 98
off 64 64 94
on 68 120 0
off 68 64 92
on 71 120 4
off 71 64 92
on 72 120 6
off 72 64 190
on 64 120 96
off 64 64 92
on 76 120 4
off 76 64 92
on 75 120 6
off 75 64 94
on 76 120 0
off 76 64 92
on 75 120 6
off 75 64 94
on 76 120 0
off 76 64 92
on 71 120 4
off 71 64 92
on 74 120 4
off 74 64 92
on 72 120 6
off 72 64 94
on 69 120 2
off 69 64 190
on 60 120 98
off 60 64 94
on 64 120 2
off 64 64 94
on 69 120 0
off 69 64 92
on 71 120 4
off 71 64 188
on 62 120 102
on 72 120 94
off 72 64 92
on 71 120 6
off 62 64 94
off 71 64 0
on 60 120 0
on 69 120 2
off 60 64 186
off 69 64 4
on 71 120 96
off 71 64 92
on 72 120 4
off 72 64 92
on 74 120 4
off 74 64 92
on 76 120 4
off 76 64 284
on 67 120 4
off 67 64 92
on 77 120 6
off 77 64 94
on 76 120 2
off 76 64 94
on 74 120 2
off 74 64 286
on 65 120 0
off 65 64 92
on 76 120 6
off 76 64 94
on 74 120 2
off 74 64 94
on 72 120 2
off 72 64 286
on 64 120 2
off 64 64 94
on 74 120 2
off 74 64 94
on 72 120 0
off 72 64 92
on 71 120 4
off 71 64 140
on 64 120 148
off 64 64 44
on 76 120 54
off 76 64 94
on 76 120 192
off 76 64 44
on 88 120 54
off 88 64 46
on 75 120 240
off 75 64 44
on 76 120 54
off 76 64 94
on 75 120 192
off 75 64 44
on 76 120 52
off 76 64 92
on 75 120 6
off 75 64 46
on 76 120 50
off 76 64 94
on 75 120 0
off 75 64 92
on 76 120 4
off 76 64 92
on 71 120 6
off 71 64 94
on 74 120 0
off 74 64 92
on 72 120 4
off 72 64 44
on 69 120 54
off 69 64 142
on 60 120 146
off 60 64 94
on 64 120 2
off 64 64 94
on 69 120 2
off 69 64 94
on 71 120 0
off 71 64 188
on 64 120 102
off 64 64 94
on 68 120 2
off 68 64 94
on 71 120 0
off 71 64 92
on 72 120 4
off 72 64 188
on 64 120 100
off 64 64 44
on 76 120 54
off 76 64 94
on 75 120 2
off 75 64 94
on 76 120 0
off 76 64 92
on 75 120 4
off 75 64 92
on 76 120 4
off 76 64 92
on 71 120 4
off 71 64 92
on 74 120 4
off 74 64 92
on 72 120 6
off 72 64 94
on 69 120 0
off 69 64 140
on 60 120 148
off 60 64 92
on 64 120 4
off 64 64 92
on 69 120 6
off 69 64 94
on 71 120 2
off 71 64 190
on 62 120 98
off 62 64 94
on 72 120 0
off 72 64 92
on 71 120 4
off 71 64 44
on 60 120 52
on 69 120 2
off 60 64 138
off 69 64 4
on 72 120 146
on 64 120 0
off 72 64 46
off 64 64 0
on 65 120 48
on 72 120 0
off 65 64 44
off 72 64 0
on 67 120 52
on 72 120 2
on 64 120 0
off 67 64 42
off 72 64 4
off 64 64 0
on 72 120 50
off 72 64 334
on 77 120 48
off 77 64 140
on 76 120 6
off 76 64 46
on 76 120 0
off 76 64 188
on 74 120 4
off 74 64 140
on 82 120 52
off 82 64 140
on 81 120 6
off 81 64 46
on 81 120 2
off 81 64 94
on 79 120 2
off 79 64 94
on 77 120 0
off 77 64 92
on 76 120 4
off 76 64 92
on 74 120 4
off 74 64 92
on 72 120 4
off 72 64 92
on 70 120 4
off 70 64 188
on 69 120 4
off 69 64 140
on 70 120 4
off 70 64 44
on 69 120 6
off 69 64 46
on 67 120 2
off 67 64 46
on 69 120 0
off 69 64 44
on 70 120 6
off 70 64 46
on 72 120 2
off 72 64 382
on 74 120 0
off 74 64 92
on 75 120 4
off 75 64 92
on 76 120 6
off 76 64 238
on 76 120 48
off 76 64 92
on 77 120 4
off 77 64 92
on 69 120 4
off 69 64 44
on 72 120 54
off 72 64 142
on 74 120 50
off 74 64 46
on 72 120 2
off 72 64 46
on 71 120 0
off 71 64 44
on 72 120 6
off 72 64 46
on 74 120 2
off 74 64 142
on 71 120 0
off 71 64 44
on 72 120 6
off 72 64 46
on 79 120 2
off 79 64 46
on 67 120 2
off 67 64 46
on 79 120 0
off 79 64 44
on 69 120 4
off 69 64 44
on 79 120 6
off 79 64 46
on 71 120 2
off 71 64 46
on 79 120 0
off 79 64 44
on 72 120 6
off 72 64 46
on 79 120 2
off 79 64 46
on 74 120 0
off 74 64 44
on 79 120 6
off 79 64 46
on 76 120 0
off 76 64 44
on 79 120 4
off 79 64 44
on 84 120 6
off 84 64 46
on 83 120 2
off 83 64 46
on 81 120 0
off 81 64 44
on 79 120 6
off 79 64 46
on 77 120 2
off 77 64 46
on 76 120 0
off 76 64 44
on 74 120 4
off 74 64 44
on 79 120 4
off 79 64 44
on 77 120 6
off 77 64 46
on 74 120 0
off 74 64 44
on 72 120 6
off 72 64 46
on 79 120 2
off 79 64 46
on 67 120 0
off 67 64 44
on 79 120 6
off 79 64 46
on 69 120 0
off 69 64 44
on 79 120 4
off 79 64 44
on 71 120 4
off 71 64 44
on 79 120 4
off 79 64 44
on 72 120 4
off 72 64 44
on 79 120 4
off 79 64 44
on 74 120 4
off 74 64 44
on 79 120 6
off 79 64 46
on 76 120 0
off 76 64 44
on 79 120 4
off 79 64 44
on 84 120 6
off 84 64 46
on 83 120 2
off 83 64 46
on 81 120 2
off 81 64 46
on 79 120 0
off 79 64 44
on 77 120 6
off 77 64 46
on 76 120 0
off 76 64 44
on 74 120 4
off 74 64 44
on 79 120 6
off 79 64 46
on 77 120 0
off 77 64 44
on 74 120 6
off 74 64 46
on 76 120 2
off 76 64 46
on 77 120 0
off 77 64 44
on 76 120 4
off 76 64 44
on 75 120 4
off 75 64 44
on 76 120 6
off 76 64 46
on 71 120 2
off 71 64 46
on 76 120 0
off 76 64 44
on 75 120 4
off 75 64 44
on 76 120 6
off 76 64 46
on 71 120 2
off 71 64 46
on 76 120 2
off 76 64 46
on 75 120 0
off 75 64 44
on 76 120 4
off 76 64 284
on 71 120 6
off 71 64 94
on 76 120 0
off 76 64 92
on 75 120 4
off 75 64 92
on 76 120 6
off 76 64 286
on 71 120 0
off 71 64 92
on 76 120 4
off 76 64 92
on 75 120 198
off 75 64 94
on 76 120 0
off 76 64 92
on 75 120 196
off 75 64 92
on 76 120 6
off 76 64 94
on 75 120 2
off 75 64 94
on 76 120 0
off 76 64 92
on 71 120 4
off 71 64 92
on 74 120 6
off 74 64 94
on 72 120 0
off 72 64 92
on 69 120 6
off 69 64 190
on 60 120 96
off 60 64 92
on 64 120 6
off 64 64 94
on 69 120 0
off 69 64 92
on 71 120 6
off 71 64 190
on 64 120 96
off 64 64 92
on 68 120 4
off 68 64 92
on 71 120 4
off 71 64 92
on 72 120 4
off 72 64 188
on 64 120 102
off 64 64 94
on 76 120 2
off 76 64 94
on 75 120 0
off 75 64 92
on 76 120 4
off 76 64 92
on 75 120 6
off 75 64 94
on 76 120 0
off 76 64 92
on 71 120 6
off 71 64 94
on 74 120 0
off 74 64 92
on 72 120 6
off 72 64 94
on 69 120 0
off 69 64 188
on 60 120 102
off 60 64 94
on 64 120 2
off 64 64 94
on 69 120 2
off 69 64 94
on 71 120 0
off 71 64 188
on 62 120 102
off 62 64 94
on 72 120 2
off 72 64 94
on 71 120 0
off 71 64 92
on 69 120 6
on 60 120 0
off 69 64 190
off 60 64 0
on 71 120 96
off 71 64 92
on 72 120 6
off 72 64 94
on 74 120 0
off 74 64 92
on 76 120 4
off 76 64 284
on 67 120 6
off 67 64 94
on 77 120 2
off 77 64 94
on 76 120 0
off 76 64 92
on 74 120 6
off 74 64 286
on 65 120 0
off 65 64 92
on 76 120 4
off 76 64 92
on 74 120 6
off 74 64 94
on 72 120 0
off 72 64 284
on 64 120 4
off 64 64 92
on 74 120 4
off 74 64 92
on 72 120 6
off 72 64 94
on 71 120 0
off 71 64 92
on 64 120 196
off 64 64 92
on 76 120 4
off 76 64 92
on 76 120 198
off 76 64 94
on 88 120 2
off 88 64 94
on 75 120 194
off 75 64 94
on 76 120 2
off 76 64 94
on 75 120 192
off 75 64 92
on 76 120 4
off 76 64 92
on 75 120 6
off 75 64 94
on 76 120 0
off 76 64 92
on 75 120 4
off 75 64 92
on 76 120 4
off 76 64 92
on 71 120 4
off 71 64 92
on 74 120 4
off 74 64 92
on 72 120 6
off 72 64 94
on 69 120 0
off 69 64 284
on 60 120 4
off 60 64 92
on 64 120 6
off 64 64 94
on 69 120 2
off 69 64 94
on 71 120 2
off 71 64 190
on 64 120 96
off 64 64 92
on 68 120 6
off 68 64 94
on 71 120 0
off 71 64 92
on 72 120 6
off 72 64 190
on 64 120 96
off 64 64 92
on 76 120 6
off 76 64 94
on 75 120 2
off 75 64 94
on 76 120 0
off 76 64 92
on 75 120 6
off 75 64 94
on 76 120 0
off 76 64 92
on 71 120 6
off 71 64 94
on 74 120 2
off 74 64 94
on 72 120 2
off 72 64 94
on 69 120 0
off 69 64 284
on 60 120 4
off 60 64 92
on 64 120 6
off 64 64 94
on 69 120 2
off 69 64 94
on 71 120 0
off 71 64 188
on 62 120 102
on 72 120 96
off 72 64 94
on 71 120 0
off 71 64 92
off 62 64 4
on 69 120 0
on 60 120 2
off 69 64 186
off 60 64 4
on 70 120 384
on 64 120 2
on 67 120 0
on 73 120 0
off 70 64 474
off 64 64 4
off 67 64 0
off 73 64 0
on 65 120 96
on 74 120 2
on 69 120 0
off 65 64 282
off 74 64 4
off 69 64 0
on 73 120 96
on 76 120 0
off 73 64 92
off 76 64 0
on 74 120 4
on 77 120 0
off 74 64 92
off 77 64 0
on 74 120 4
on 77 120 2
on 68 120 0
off 74 64 282
off 77 64 4
off 68 64 0
on 68 120 98
on 74 120 0
on 77 120 0
off 68 64 94
off 74 64 0
off 77 64 0
on 72 120 96
on 69 120 2
on 76 120 0
off 72 64 474
off 69 64 4
off 76 64 0
on 74 120 96
on 65 120 0
off 74 64 284
off 65 64 0
on 72 120 102
on 64 120 0
off 72 64 94
off 64 64 0
on 71 120 0
on 62 120 0
off 71 64 92
off 62 64 0
on 60 120 4
on 69 120 2
on 66 120 0
off 66 64 286
off 60 64 92
off 69 64 4
on 69 120 0
on 60 120 2
off 69 64 90
off 60 64 4
on 60 120 96
on 69 120 2
off 60 64 90
off 69 64 4
on 64 120 96
on 72 120 2
off 64 64 90
off 72 64 4
on 62 120 96
on 71 120 2
off 62 64 90
off 71 64 4
on 60 120 96
on 69 120 2
off 60 64 378
off 69 64 4
on 70 120 192
on 64 120 2
on 67 120 0
on 73 120 0
off 70 64 474
off 64 64 4
off 67 64 0
off 73 64 0
on 74 120 96
on 65 120 0
on 69 120 2
off 74 64 282
off 65 64 0
off 69 64 4
on 73 120 96
on 76 120 2
off 73 64 90
off 76 64 4
on 74 120 2
on 77 120 0
off 74 64 94
off 77 64 0
on 74 120 2
on 77 120 0
off 74 64 286
off 77 64 0
on 77 120 98
on 74 120 0
off 77 64 94
off 74 64 0
on 77 120 98
on 74 120 0
off 74 64 478
off 77 64 0
on 67 120 96
on 75 120 2
off 67 64 282
off 75 64 4
on 65 120 96
on 74 120 2
off 65 64 90
off 74 64 4
on 72 120 0
on 63 120 2
off 72 64 90
off 63 64 4
on 65 120 2
on 62 120 0
on 70 120 0
off 62 64 382
off 65 64 0
off 70 64 0
on 69 120 0
on 65 120 0
on 62 120 2
off 69 64 90
off 65 64 96
off 62 64 4
on 68 120 0
on 65 120 0
on 62 120 2
off 68 64 282
off 65 64 0
off 62 64 4
on 62 120 96
on 68 120 2
on 65 120 0
off 62 64 90
off 68 64 4
off 65 64 0
on 69 120 96
on 64 120 0
on 60 120 2
off 69 64 282
off 64 64 0
off 60 64 4
on 64 120 288
on 71 120 2
off 64 64 186
off 71 64 4
on 57 120 384
off 57 64 60
on 60 120 4
off 60 64 60
on 64 120 4
off 64 64 60
on 69 120 4
off 69 64 60
on 72 120 4
off 72 64 60
on 76 120 4
off 76 64 60
on 74 120 4
off 74 64 60
on 72 120 4
off 72 64 60
on 71 120 4
off 71 64 60
on 69 120 6
off 69 64 62
on 72 120 2
off 72 64 62
on 76 120 2
off 76 64 62
on 81 120 0
off 81 64 60
on 84 120 4
off 84 64 60
on 88 120 4
off 88 64 60
on 86 120 6
off 86 64 62
on 84 120 2
off 84 64 62
on 83 120 0
off 83 64 60
on 81 120 6
off 81 64 62
on 84 120 2
off 84 64 62
on 88 120 2
off 88 64 62
on 93 120 2
off 93 64 62
on 96 120 2
off 96 64 62
on 100 120 0
off 100 64 60
on 98 120 4
off 98 64 60
on 96 120 6
off 96 64 62
on 95 120 2
off 95 64 62
on 94 120 2
off 94 64 62
on 93 120 0
off 93 64 60
on 92 120 6
off 92 64 62
on 91 120 0
off 91 64 60
on 90 120 6
off 90 64 62
on 89 120 2
off 89 64 62
on 88 120 2
off 88 64 62
on 87 120 0
off 87 64 60
on 86 120 4
off 86 64 60
on 85 120 4
off 85 64 60
on 84 120 4
off 84 64 60
on 83 120 6
off 83 64 62
on 82 120 0
off 82 64 60
on 81 120 4
off 81 64 60
on 80 120 4
off 80 64 60
on 79 120 6
off 79 64 62
on 78 120 2
off 78 64 62
on 77 120 0
off 77 64 60
on 76 120 4
off 76 64 92
on 75 120 6
off 75 64 94
on 76 120 2
off 76 64 94
on 71 120 2
off 71 64 94
on 74 120 2
off 74 64 94
on 72 120 0
off 72 64 92
on 69 120 6
off 69 64 190
on 60 120 98
off 60 64 94
on 64 120 2
off 64 64 94
on 69 120 2
off 69 64 94
on 71 120 0
off 71 64 188
on 64 120 102
off 64 64 94
on 68 120 2
off 68 64 94
on 71 120 2
off 71 64 94
on 72 120 2
off 72 64 190
on 64 120 98
off 64 64 94
on 76 120 0
off 76 64 92
on 75 120 6
off 75 64 94
on 76 120 2
off 76 64 94
on 75 120 0
off 75 64 92
on 76 120 4
off 76 64 92
on 71 120 6
off 71 64 94
on 74 120 2
off 74 64 94
on 72 120 2
off 72 64 94
on 69 120 2
off 69 64 190
on 60 120 96
off 60 64 92
on 64 120 6
off 64 64 94
on 69 120 2
off 69 64 94
on 71 120 2
off 71 64 190
on 62 120 96
off 62 64 92
on 72 120 6
off 72 64 94
on 71 120 2
off 71 64 94
on 69 120 2
on 60 120 0
off 69 64 190
off 60 64 0
on 71 120 96
off 71 64 92
on 72 120 4
off 72 64 92
on 74 120 4
off 74 64 92
on 76 120 4
off 76 64 284
on 67 120 6
off 67 64 94
on 77 120 2
off 77 64 94
on 76 120 0
off 76 64 92
on 74 120 4
off 74 64 284
on 65 120 6
off 65 64 94
on 76 120 0
off 76 64 92
on 74 120 4
off 74 64 92
on 72 120 6
off 72 64 286
on 64 120 2
off 64 64 94
on 74 120 0
off 74 64 92
on 72 120 4
off 72 64 92
on 71 120 6
off 71 64 94
on 64 120 194
off 64 64 94
on 76 120 2
off 76 64 94
on 76 120 194
off 76 64 94
on 88 120 2
off 88 64 94
on 75 120 192
off 75 64 92
on 76 120 6
off 76 64 94
on 75 120 194
off 75 64 94
on 76 120 2
off 76 64 94
on 75 120 0
off 75 64 92
on 76 120 4
off 76 64 92
on 75 120 6
off 75 64 94
on 76 120 2
off 76 64 94
on 71 120 0
off 71 64 92
on 74 120 6
off 74 64 94
on 72 120 0
off 72 64 92
on 69 120 4
off 69 64 284
on 60 120 4
off 60 64 92
on 64 120 4
off 64 64 92
on 69 120 4
off 69 64 92
on 71 120 4
off 71 64 284
on 64 120 6
off 64 64 94
on 68 120 2
off 68 64 94
on 71 120 0
off 71 64 92
on 72 120 6
off 72 64 190
on 64 120 98
off 64 64 94
on 76 120 2
off 76 64 94
on 75 120 0
off 75 64 92
on 76 120 4
off 76 64 92
on 75 120 4
off 75 64 92
on 76 120 6
off 76 64 94
on 71 120 2
off 71 64 94
on 74 120 0
off 74 64 92
on 72 120 4
off 72 64 92
on 69 120 4
off 69 64 188
on 60 120 102
off 60 64 94
on 64 120 0
off 64 64 92
on 69 120 4
off 69 64 92
on 71 120 4
off 71 64 188
on 62 120 102
on 72 120 94
off 72 64 92
on 71 120 6
off 62 64 94
off 71 64 0
on 69 120 2
on 60 120 0
off 60 64 382
off 69 64 0
