on 72 70 0
off 72 0 480
on 76 58 0
off 76 0 240
on 72 52 0
off 72 0 240
on 67 47 0
off 67 0 180
on 67 43 300
off 67 0 180
on 72 70 300
off 72 0 480
on 76 57 0
off 76 0 240
on 72 51 0
off 72 0 240
on 67 47 0
off 67 0 180
on 79 58 300
off 79 0 240
on 77 65 240
on 76 48 240
off 77 0 24
on 74 55 216
off 76 0 24
on 72 47 216
off 74 0 24
on 71 61 216
off 72 0 24
on 72 54 216
off 71 0 24
on 71 62 216
off 72 0 24
on 72 54 216
off 71 0 24
on 74 68 216
off 72 0 24
on 72 59 216
off 74 0 24
on 71 56 216
off 72 0 24
on 69 53 216
off 71 0 24
on 67 70 216
off 69 0 24
off 67 0 456
on 72 41 480
off 72 0 480
on 76 34 0
off 76 0 240
on 72 28 0
off 72 0 240
on 67 28 0
off 67 0 180
on 67 24 300
off 67 0 180
on 76 41 300
off 76 0 480
on 79 35 0
off 79 0 240
on 76 30 0
off 76 0 240
on 72 28 0
off 72 0 480
on 76 39 0
off 76 0 240
on 72 34 0
off 72 0 240
on 74 38 0
off 74 0 240
on 71 31 0
off 71 0 240
on 72 34 0
off 72 0 240
on 69 29 0
off 69 0 240
on 71 35 0
off 71 0 240
on 67 31 0
off 67 0 240
on 69 36 0
off 69 0 240
on 66 31 0
off 66 0 240
on 67 68 0
on 69 54 240
off 67 0 24
on 71 60 216
off 69 0 24
on 72 58 216
off 71 0 24
on 74 68 216
off 72 0 24
on 76 58 216
off 74 0 24
on 78 62 216
off 76 0 24
on 79 58 216
off 78 0 24
off 79 0 216
on 69 66 0
off 69 0 480
on 81 54 0
off 81 0 240
on 81 57 240
off 81 0 240
on 81 53 240
off 81 0 240
on 71 68 240
on 72 55 240
off 71 0 24
on 74 60 216
off 72 0 24
on 76 56 216
off 74 0 24
on 78 68 216
off 76 0 24
on 79 59 216
off 78 0 24
on 81 62 216
off 79 0 24
on 83 58 216
off 81 0 24
off 83 0 216
on 72 66 0
off 72 0 480
on 84 53 0
off 84 0 240
on 84 57 240
off 84 0 240
on 84 55 240
off 84 0 240
on 74 68 240
off 74 0 240
on 79 59 0
off 79 0 240
on 83 63 0
off 83 0 240
on 86 61 0
off 86 0 240
on 84 68 0
on 83 58 240
off 84 0 24
on 81 62 216
off 83 0 24
on 79 59 216
off 81 0 24
on 78 68 216
off 79 0 24
on 76 61 216
off 78 0 24
on 79 65 216
off 76 0 24
on 78 57 216
off 79 0 24
on 81 68 216
off 78 0 24
on 79 61 216
off 81 0 24
on 78 64 216
off 79 0 24
on 76 59 216
off 78 0 24
off 76 0 216
on 76 65 0
on 74 54 240
off 76 0 24
on 72 60 216
off 74 0 24
on 71 56 216
off 72 0 24
off 71 0 216
on 74 66 0
on 72 59 240
off 74 0 24
on 71 61 216
off 72 0 24
on 69 58 216
off 71 0 24
on 67 68 216
off 69 0 24
off 67 0 936
on 72 70 960
off 72 0 480
on 76 58 0
off 76 0 240
on 72 52 0
off 72 0 240
on 67 48 0
off 67 0 180
on 67 38 300
off 67 0 180
on 72 70 300
off 72 0 480
on 76 57 0
off 76 0 240
on 72 51 0
off 72 0 240
on 67 47 0
off 67 0 180
on 79 58 300
off 79 0 240
on 77 65 240
on 76 48 240
off 77 0 24
on 74 55 216
off 76 0 24
on 72 47 216
off 74 0 24
on 71 61 216
off 72 0 24
on 72 54 216
off 71 0 24
on 71 62 216
off 72 0 24
on 72 54 216
off 71 0 24
on 74 68 216
off 72 0 24
on 72 59 216
off 74 0 24
on 71 56 216
off 72 0 24
on 69 53 216
off 71 0 24
on 67 70 216
off 69 0 24
off 67 0 456
on 72 41 480
off 72 0 480
on 76 34 0
off 76 0 240
on 72 28 0
off 72 0 240
on 67 28 0
off 67 0 180
on 67 25 300
off 67 0 180
on 76 41 300
off 76 0 480
on 79 35 0
off 79 0 240
on 76 30 0
off 76 0 240
on 72 28 0
off 72 0 480
on 76 39 0
off 76 0 240
on 72 34 0
off 72 0 240
on 74 38 0
off 74 0 240
on 71 31 0
off 71 0 240
on 72 34 0
off 72 0 240
on 69 29 0
off 69 0 240
on 71 35 0
off 71 0 240
on 67 31 0
off 67 0 240
on 69 36 0
off 69 0 240
on 66 31 0
off 66 0 240
on 67 68 0
on 69 54 240
off 67 0 24
on 71 60 216
off 69 0 24
on 72 58 216
off 71 0 24
on 74 68 216
off 72 0 24
on 76 58 216
off 74 0 24
on 78 62 216
off 76 0 24
on 79 58 216
off 78 0 24
off 79 0 216
on 69 66 0
off 69 0 480
on 81 54 0
off 81 0 240
on 81 57 240
off 81 0 240
on 81 53 240
off 81 0 240
on 71 68 240
on 72 55 240
off 71 0 24
on 74 60 216
off 72 0 24
on 76 56 216
off 74 0 24
on 78 68 216
off 76 0 24
on 79 59 216
off 78 0 24
on 81 62 216
off 79 0 24
on 83 58 216
off 81 0 24
off 83 0 216
on 72 66 0
off 72 0 480
on 84 53 0
off 84 0 240
on 84 57 240
off 84 0 240
on 84 55 240
off 84 0 240
on 74 68 240
off 74 0 240
on 79 59 0
off 79 0 240
on 83 63 0
off 83 0 240
on 86 61 0
off 86 0 240
on 84 68 0
on 83 58 240
off 84 0 24
on 81 62 216
off 83 0 24
on 79 59 216
off 81 0 24
on 78 68 216
off 79 0 24
on 76 61 216
off 78 0 24
on 79 65 216
off 76 0 24
on 78 57 216
off 79 0 24
on 81 68 216
off 78 0 24
on 79 61 216
off 81 0 24
on 78 64 216
off 79 0 24
on 76 59 216
off 78 0 24
off 76 0 216
on 76 65 0
on 74 54 240
off 76 0 24
on 72 60 216
off 74 0 24
on 71 56 216
off 72 0 24
off 71 0 216
on 74 66 0
on 72 59 240
off 74 0 24
on 71 61 216
off 72 0 24
on 69 58 216
off 71 0 24
on 67 68 216
off 69 0 24
off 67 0 936
on 71 41 960
off 71 0 480
on 74 34 0
off 74 0 240
on 71 28 0
off 71 0 240
on 67 28 0
off 67 0 180
on 67 27 300
off 67 0 180
on 72 41 300
off 72 0 480
on 75 34 0
off 75 0 240
on 72 28 0
off 72 0 240
on 67 26 0
off 67 0 180
on 79 33 300
off 79 0 480
on 77 37 0
off 77 0 480
on 74 33 0
off 74 0 480
on 75 38 0
off 75 0 480
on 72 30 0
off 72 0 480
on 71 35 0
off 71 0 240
on 72 28 0
off 72 0 240
on 74 33 0
off 74 0 240
on 71 30 0
off 71 0 240
on 67 36 0
off 67 0 180
on 67 32 300
off 67 0 180
on 79 56 300
off 79 0 240
on 67 40 0
off 67 0 240
on 79 51 0
off 79 0 240
on 67 35 0
off 67 0 240
on 79 50 0
off 79 0 240
on 67 36 0
off 67 0 240
on 79 50 0
off 79 0 240
on 67 40 0
off 67 0 240
on 79 59 0
off 79 0 240
on 67 43 0
off 67 0 240
on 79 51 0
off 79 0 240
on 67 39 0
off 67 0 240
on 79 49 0
off 79 0 240
on 67 37 0
off 67 0 240
on 79 47 0
off 79 0 240
on 67 37 0
off 67 0 240
on 74 51 0
on 75 43 240
off 74 0 24
on 77 50 216
off 75 0 24
on 74 48 216
off 77 0 24
on 77 60 216
off 74 0 24
on 75 48 216
off 77 0 24
on 74 54 216
off 75 0 24
on 72 48 216
off 74 0 24
on 79 61 216
on 71 61 0
off 72 0 24
off 71 0 456
off 79 0 0
on 60 37 1440
off 60 0 480
on 64 30 0
off 64 0 240
on 60 27 0
off 60 0 240
on 55 26 0
off 55 0 180
on 55 24 300
off 55 0 180
on 60 37 300
off 60 0 480
on 64 29 0
off 64 0 240
on 60 26 0
off 60 0 240
on 55 24 0
off 55 0 180
on 67 30 300
off 67 0 240
on 65 34 240
on 64 24 240
off 65 0 24
on 62 28 216
off 64 0 24
on 60 23 216
off 62 0 24
on 59 31 216
off 60 0 24
on 60 28 216
off 59 0 24
on 59 32 216
off 60 0 24
on 60 28 216
off 59 0 24
on 62 35 216
off 60 0 24
on 60 30 216
off 62 0 24
on 59 29 216
off 60 0 24
on 57 28 216
off 59 0 24
on 55 37 216
off 57 0 24
off 55 0 456
on 60 44 480
off 60 0 480
on 55 36 0
off 55 0 240
on 60 32 0
off 60 0 240
on 64 37 0
off 64 0 180
on 64 31 300
off 64 0 180
on 64 48 300
off 64 0 480
on 60 41 0
off 60 0 240
on 64 37 0
off 64 0 240
on 67 44 0
off 67 0 180
on 72 38 300
off 72 0 180
on 64 44 300
on 67 52 0
off 67 0 180
off 64 0 0
on 65 46 300
on 62 39 0
off 62 0 180
off 65 0 0
on 60 50 300
on 64 59 0
off 64 0 180
off 60 0 0
on 62 53 300
on 59 44 0
off 59 0 180
off 62 0 0
on 60 68 300
on 62 54 240
off 60 0 24
on 64 60 216
off 62 0 24
on 65 58 216
off 64 0 24
on 67 68 216
off 65 0 24
on 69 58 216
off 67 0 24
on 71 62 216
off 69 0 24
on 72 58 216
off 71 0 24
off 72 0 216
on 62 66 0
off 62 0 480
on 74 54 0
off 74 0 240
on 74 57 240
off 74 0 240
on 74 53 240
off 74 0 240
on 64 68 240
on 65 55 240
off 64 0 24
on 67 60 216
off 65 0 24
on 69 56 216
off 67 0 24
on 71 68 216
off 69 0 24
on 72 59 216
off 71 0 24
on 74 62 216
off 72 0 24
on 76 58 216
off 74 0 24
off 76 0 216
on 65 66 0
off 65 0 480
on 77 53 0
off 77 0 240
on 77 57 240
off 77 0 240
on 77 55 240
off 77 0 240
on 67 68 240
off 67 0 240
on 72 59 0
off 72 0 240
on 76 63 0
off 76 0 240
on 79 61 0
off 79 0 240
on 77 68 0
on 76 58 240
off 77 0 24
on 74 62 216
off 76 0 24
on 72 59 216
off 74 0 24
off 72 0 216
on 81 68 0
on 79 61 240
off 81 0 24
on 77 65 216
off 79 0 24
on 76 57 216
off 77 0 24
on 74 68 216
off 76 0 24
on 72 61 216
off 74 0 24
on 71 64 216
off 72 0 24
on 69 59 216
off 71 0 24
off 69 0 216
on 67 65 0
on 69 54 240
off 67 0 24
on 65 60 216
off 69 0 24
on 67 56 216
off 65 0 24
on 64 66 216
off 67 0 24
on 65 59 216
off 64 0 24
on 62 61 216
off 65 0 24
on 64 58 216
off 62 0 24
on 60 68 216
off 64 0 24
off 60 0 936
on 71 41 960
off 71 0 480
on 74 34 0
off 74 0 240
on 71 28 0
off 71 0 240
on 67 28 0
off 67 0 180
on 67 24 300
off 67 0 180
on 72 41 300
off 72 0 480
on 75 34 0
off 75 0 240
on 72 28 0
off 72 0 240
on 67 28 0
off 67 0 180
on 79 33 300
off 79 0 480
on 77 37 0
off 77 0 480
on 74 33 0
off 74 0 480
on 75 38 0
off 75 0 480
on 72 30 0
off 72 0 480
on 71 35 0
off 71 0 240
on 72 28 0
off 72 0 240
on 74 33 0
off 74 0 240
on 71 30 0
off 71 0 240
on 67 36 0
off 67 0 180
on 67 32 300
off 67 0 180
on 79 56 300
off 79 0 240
on 67 40 0
off 67 0 240
on 79 51 0
off 79 0 240
on 67 35 0
off 67 0 240
on 79 50 0
off 79 0 240
on 67 36 0
off 67 0 240
on 79 50 0
off 79 0 240
on 67 40 0
off 67 0 240
on 79 59 0
off 79 0 240
on 67 43 0
off 67 0 240
on 79 51 0
off 79 0 240
on 67 39 0
off 67 0 240
on 79 49 0
off 79 0 240
on 67 37 0
off 67 0 240
on 79 47 0
off 79 0 240
on 67 37 0
off 67 0 240
on 74 51 0
on 75 43 240
off 74 0 24
on 77 50 216
off 75 0 24
on 74 48 216
off 77 0 24
on 77 60 216
off 74 0 24
on 75 48 216
off 77 0 24
on 74 54 216
off 75 0 24
on 72 48 216
off 74 0 24
on 79 61 216
on 71 61 0
off 72 0 24
off 71 0 456
off 79 0 0
on 60 37 1440
off 60 0 480
on 64 30 0
off 64 0 240
on 60 27 0
off 60 0 240
on 55 25 0
off 55 0 180
on 55 22 300
off 55 0 180
on 60 37 300
off 60 0 480
on 64 29 0
off 64 0 240
on 60 26 0
off 60 0 240
on 55 25 0
off 55 0 180
on 67 30 300
off 67 0 240
on 65 34 240
on 64 24 240
off 65 0 24
on 62 28 216
off 64 0 24
on 60 23 216
off 62 0 24
on 59 31 216
off 60 0 24
on 60 28 216
off 59 0 24
on 59 32 216
off 60 0 24
on 60 28 216
off 59 0 24
on 62 35 216
off 60 0 24
on 60 30 216
off 62 0 24
on 59 29 216
off 60 0 24
on 57 28 216
off 59 0 24
on 55 37 216
off 57 0 24
off 55 0 456
on 60 44 480
off 60 0 480
on 55 36 0
off 55 0 240
on 60 32 0
off 60 0 240
on 64 37 0
off 64 0 180
on 64 31 300
off 64 0 180
on 64 48 300
off 64 0 480
on 60 41 0
off 60 0 240
on 64 37 0
off 64 0 240
on 67 44 0
off 67 0 180
on 72 38 300
off 72 0 180
on 64 44 300
on 67 52 0
off 67 0 180
off 64 0 0
on 65 46 300
on 62 39 0
off 62 0 180
off 65 0 0
on 60 50 300
on 64 59 0
off 64 0 180
off 60 0 0
on 62 53 300
on 59 44 0
off 59 0 180
off 62 0 0
on 60 68 300
on 62 54 240
off 60 0 24
on 64 60 216
off 62 0 24
on 65 58 216
off 64 0 24
on 67 68 216
off 65 0 24
on 69 58 216
off 67 0 24
on 71 62 216
off 69 0 24
on 72 58 216
off 71 0 24
off 72 0 216
on 62 66 0
off 62 0 480
on 74 54 0
off 74 0 240
on 74 57 240
off 74 0 240
on 74 53 240
off 74 0 240
on 64 68 240
on 65 55 240
off 64 0 24
on 67 60 216
off 65 0 24
on 69 56 216
off 67 0 24
on 71 68 216
off 69 0 24
on 72 59 216
off 71 0 24
on 74 62 216
off 72 0 24
on 76 58 216
off 74 0 24
off 76 0 216
on 65 66 0
off 65 0 480
on 77 53 0
off 77 0 240
on 77 57 240
off 77 0 240
on 77 55 240
off 77 0 240
on 67 68 240
off 67 0 240
on 72 59 0
off 72 0 240
on 76 63 0
off 76 0 240
on 79 61 0
off 79 0 240
on 77 68 0
on 76 58 240
off 77 0 24
on 74 62 216
off 76 0 24
on 72 59 216
off 74 0 24
off 72 0 216
on 81 68 0
on 79 61 240
off 81 0 24
on 77 65 216
off 79 0 24
on 76 57 216
off 77 0 24
on 74 68 216
off 76 0 24
on 72 61 216
off 74 0 24
on 71 64 216
off 72 0 24
on 69 59 216
off 71 0 24
off 69 0 216
on 67 65 0
on 69 54 240
off 67 0 24
on 65 60 216
off 69 0 24
on 67 56 216
off 65 0 24
on 64 66 216
off 67 0 24
on 65 59 216
off 64 0 24
on 62 61 216
off 65 0 24
on 64 58 216
off 62 0 24
on 60 68 216
off 64 0 24
off 60 0 936
