on 48 40 0
off 48 0 480
on 48 40 1440
off 48 0 480
on 48 40 1440
off 48 0 480
on 48 35 480
off 48 0 480
on 43 40 480
off 43 0 480
on 55 48 480
on 53 38 240
off 55 0 24
on 52 40 216
off 53 0 24
on 50 38 216
off 52 0 24
on 48 23 216
off 50 0 24
off 48 0 456
on 60 23 1440
off 60 0 480
on 54 23 960
off 54 0 480
on 55 23 0
off 55 0 480
on 48 21 0
off 48 0 480
on 50 24 0
off 50 0 480
on 38 20 0
off 38 0 480
on 43 40 0
off 43 0 480
on 54 40 1440
off 54 0 240
on 62 35 0
off 62 0 240
on 57 35 0
off 57 0 240
on 62 35 0
off 62 0 240
on 54 40 0
off 54 0 240
on 62 37 0
off 62 0 240
on 57 37 0
off 57 0 240
on 62 37 0
off 62 0 240
on 55 40 0
off 55 0 480
on 57 40 1440
off 57 0 240
on 62 35 0
off 62 0 240
on 60 35 0
off 60 0 240
on 62 35 0
off 62 0 240
on 57 40 0
off 57 0 240
on 62 37 0
off 62 0 240
on 60 37 0
off 60 0 240
on 62 37 0
off 62 0 240
on 59 40 0
off 59 0 480
on 60 40 1440
off 60 0 480
on 48 37 480
off 48 0 480
on 50 40 480
off 50 0 480
on 38 39 480
off 38 0 480
on 43 48 480
off 43 0 240
on 47 38 0
off 47 0 240
on 50 40 0
off 50 0 240
on 55 38 0
off 55 0 240
on 43 48 0
off 43 0 480
on 48 40 480
off 48 0 480
on 48 40 1440
off 48 0 480
on 48 40 1440
off 48 0 480
on 48 35 480
off 48 0 480
on 43 40 480
off 43 0 480
on 55 48 480
on 53 38 240
off 55 0 24
on 52 40 216
off 53 0 24
on 50 38 216
off 52 0 24
on 48 23 216
off 50 0 24
off 48 0 456
on 60 23 1440
off 60 0 480
on 54 23 960
off 54 0 480
on 55 23 0
off 55 0 480
on 48 21 0
off 48 0 480
on 50 24 0
off 50 0 480
on 38 20 0
off 38 0 480
on 43 40 0
off 43 0 480
on 54 40 1440
off 54 0 240
on 62 35 0
off 62 0 240
on 57 35 0
off 57 0 240
on 62 35 0
off 62 0 240
on 54 40 0
off 54 0 240
on 62 37 0
off 62 0 240
on 57 37 0
off 57 0 240
on 62 37 0
off 62 0 240
on 55 40 0
off 55 0 480
on 57 40 1440
off 57 0 240
on 62 35 0
off 62 0 240
on 60 35 0
off 60 0 240
on 62 35 0
off 62 0 240
on 57 40 0
off 57 0 240
on 62 37 0
off 62 0 240
on 60 37 0
off 60 0 240
on 62 37 0
off 62 0 240
on 59 40 0
off 59 0 480
on 60 40 1440
off 60 0 480
on 48 37 480
off 48 0 480
on 50 40 480
off 50 0 480
on 38 39 480
off 38 0 480
on 43 48 480
off 43 0 240
on 47 38 0
off 47 0 240
on 50 40 0
off 50 0 240
on 55 38 0
off 55 0 240
on 43 48 0
off 43 0 480
on 65 23 480
off 65 0 1920
on 63 23 0
off 63 0 1920
on 59 23 0
off 59 0 960
on 60 22 0
off 60 0 960
on 55 23 0
off 55 0 960
on 65 55 960
off 65 0 480
on 55 42 0
off 55 0 480
on 62 50 0
off 62 0 480
on 55 44 0
off 55 0 480
on 63 57 0
off 63 0 480
on 55 46 0
off 55 0 480
on 60 53 0
off 60 0 480
on 55 44 0
off 55 0 480
on 59 51 0
off 59 0 480
on 60 47 480
off 60 0 480
on 55 55 480
off 55 0 480
on 43 38 0
off 43 0 480
on 55 48 0
on 53 38 240
off 55 0 24
on 52 40 216
off 53 0 24
on 50 38 216
off 52 0 24
on 48 21 216
off 50 0 24
off 48 0 456
on 48 21 1440
off 48 0 480
on 48 21 1440
off 48 0 480
on 48 17 480
off 48 0 480
on 43 21 480
off 43 0 480
on 43 24 480
on 41 19 240
off 43 0 24
on 40 21 216
off 41 0 24
on 38 19 216
off 40 0 24
on 36 25 216
off 38 0 24
off 36 0 456
on 48 27 1440
off 48 0 480
on 55 35 1440
off 55 0 480
on 43 40 480
off 43 0 480
on 48 40 480
off 48 0 480
on 47 40 1440
off 47 0 240
on 55 35 0
off 55 0 240
on 50 35 0
off 50 0 240
on 55 35 0
off 55 0 240
on 47 40 0
off 47 0 240
on 55 37 0
off 55 0 240
on 50 37 0
off 50 0 240
on 55 37 0
off 55 0 240
on 48 40 0
off 48 0 480
on 50 40 1440
off 50 0 240
on 55 35 0
off 55 0 240
on 53 35 0
off 53 0 240
on 55 35 0
off 55 0 240
on 50 40 0
off 50 0 240
on 55 37 0
off 55 0 240
on 53 37 0
off 53 0 240
on 55 37 0
off 55 0 240
on 52 40 0
off 52 0 480
on 53 40 1440
off 53 0 480
on 53 37 480
off 53 0 480
on 55 40 480
off 55 0 480
on 43 39 480
off 43 0 480
on 36 48 480
off 36 0 240
on 40 38 0
off 40 0 240
on 43 40 0
off 43 0 240
on 48 38 0
off 48 0 240
on 36 48 0
off 36 0 480
on 65 23 480
off 65 0 1920
on 63 23 0
off 63 0 1920
on 59 23 0
off 59 0 960
on 60 22 0
off 60 0 960
on 55 23 0
off 55 0 960
on 65 55 960
off 65 0 480
on 55 42 0
off 55 0 480
on 62 50 0
off 62 0 480
on 55 44 0
off 55 0 480
on 63 57 0
off 63 0 480
on 55 46 0
off 55 0 480
on 60 53 0
off 60 0 480
on 55 44 0
off 55 0 480
on 59 51 0
off 59 0 480
on 60 47 480
off 60 0 480
on 55 55 480
off 55 0 480
on 43 38 0
off 43 0 480
on 55 48 0
on 53 38 240
off 55 0 24
on 52 40 216
off 53 0 24
on 50 38 216
off 52 0 24
on 48 21 216
off 50 0 24
off 48 0 456
on 48 21 1440
off 48 0 480
on 48 21 1440
off 48 0 480
on 48 17 480
off 48 0 480
on 43 21 480
off 43 0 480
on 43 24 480
on 41 19 240
off 43 0 24
on 40 21 216
off 41 0 24
on 38 19 216
off 40 0 24
on 36 25 216
off 38 0 24
off 36 0 456
on 48 27 1440
off 48 0 480
on 55 35 1440
off 55 0 480
on 43 40 480
off 43 0 480
on 48 40 480
off 48 0 480
on 47 40 1440
off 47 0 240
on 55 35 0
off 55 0 240
on 50 35 0
off 50 0 240
on 55 35 0
off 55 0 240
on 47 40 0
off 47 0 240
on 55 37 0
off 55 0 240
on 50 37 0
off 50 0 240
on 55 37 0
off 55 0 240
on 48 40 0
off 48 0 480
on 50 40 1440
off 50 0 240
on 55 35 0
off 55 0 240
on 53 35 0
off 53 0 240
on 55 35 0
off 55 0 240
on 50 40 0
off 50 0 240
on 55 37 0
off 55 0 240
on 53 37 0
off 53 0 240
on 55 37 0
off 55 0 240
on 52 40 0
off 52 0 480
on 53 40 1440
off 53 0 480
on 53 37 480
off 53 0 480
on 55 40 480
off 55 0 480
on 43 39 480
off 43 0 480
on 36 48 480
off 36 0 240
on 40 38 0
off 40 0 240
on 43 40 0
off 43 0 240
on 48 38 0
off 48 0 240
on 36 48 0
off 36 0 480
