on 64 121 1920
off 64 127 480
on 64 123 0
off 64 127 480
on 65 115 0
off 65 127 480
on 67 118 0
off 67 127 480
on 67 122 0
off 67 127 480
on 65 114 0
off 65 127 480
on 64 116 0
off 64 127 480
on 62 115 0
off 62 127 480
on 60 116 0
off 60 127 480
on 60 121 0
off 60 127 480
on 62 115 0
off 62 127 480
on 64 121 0
off 64 127 480
on 64 123 0
off 64 127 720
on 62 107 0
off 62 127 240
on 62 117 0
off 62 127 960
on 64 121 0
off 64 127 480
on 64 121 0
off 64 127 480
on 65 114 0
off 65 127 480
on 67 119 0
off 67 127 480
on 67 122 0
off 67 127 480
on 65 107 0
off 65 127 480
on 64 111 0
off 64 127 480
on 62 117 0
off 62 127 480
on 60 114 0
off 60 127 480
on 60 118 0
off 60 127 480
on 62 117 0
off 62 127 480
on 64 117 0
off 64 127 480
on 62 118 0
off 62 127 720
on 60 116 0
off 60 127 240
on 60 124 0
off 60 127 960
on 62 121 0
off 62 127 480
on 62 119 0
off 62 127 480
on 64 119 0
off 64 127 480
on 60 115 0
off 60 127 480
on 62 117 0
off 62 127 480
on 64 122 0
off 64 127 240
on 65 104 0
off 65 127 240
on 64 119 0
off 64 127 480
on 60 115 0
off 60 127 480
on 62 115 0
off 62 127 480
on 64 119 0
off 64 127 240
on 65 112 0
off 65 127 240
on 64 122 0
off 64 127 480
on 62 116 0
off 62 127 480
on 60 118 0
off 60 127 480
on 62 109 0
off 62 127 480
on 55 117 0
off 55 127 480
on 64 124 0
off 64 127 960
on 64 124 0
off 64 127 480
on 65 99 0
off 65 127 480
on 67 114 0
off 67 127 480
on 67 115 0
off 67 127 480
on 65 108 0
off 65 127 480
on 64 114 0
off 64 127 480
on 62 113 0
off 62 127 480
on 60 115 0
off 60 127 480
on 60 117 0
off 60 127 480
on 62 113 0
off 62 127 480
on 64 121 0
off 64 127 480
on 62 122 0
off 62 127 720
on 60 115 0
off 60 127 240
on 60 126 0
off 60 127 960
