on 55 110 1920
on 48 111 1
off 55 127 1920
off 48 127 1
on 55 115 10
on 47 118 1
off 55 127 1920
off 47 127 1
on 52 121 10
on 55 121 1
off 52 127 960
off 55 127 1
on 50 117 10
off 50 127 480
on 48 112 10
off 48 127 480
on 55 116 10
off 55 127 1920
on 55 119 10
on 48 114 1
off 55 127 1920
off 48 127 1
on 55 117 10
on 47 114 1
off 55 127 1920
off 47 127 1
on 55 107 10
on 52 106 1
off 55 127 960
off 52 127 1
on 50 121 10
off 50 127 480
on 48 95 10
off 48 127 480
on 55 110 10
on 53 110 1
off 55 127 720
off 53 127 1
on 52 111 10
on 55 111 1
off 52 127 240
off 55 127 1
on 52 114 10
on 55 114 1
off 52 127 960
off 55 127 1
on 55 106 10
on 47 110 1
off 55 127 960
off 47 127 1
on 48 114 10
on 55 112 1
off 48 127 960
off 55 127 1
on 55 116 10
on 47 114 1
off 55 127 960
off 47 127 1
on 48 115 10
on 55 118 1
off 48 127 960
off 55 127 1
on 55 116 10
on 47 114 1
off 55 127 960
off 47 127 1
on 56 127 10
off 56 127 960
on 57 127 10
off 57 127 480
on 54 100 10
off 54 127 480
on 55 127 10
off 55 127 960
on 48 127 10
on 55 127 1
off 48 127 1920
off 55 127 1
on 47 127 10
on 55 127 1
off 47 127 1920
off 55 127 1
on 52 127 10
on 55 127 1
off 52 127 960
off 55 127 1
on 50 121 10
off 50 127 480
on 48 127 10
off 48 127 480
on 53 110 10
on 55 110 1
off 53 127 720
off 55 127 1
on 55 111 10
on 52 111 1
off 55 127 240
off 52 127 1
on 55 114 10
on 52 114 1
off 55 127 960
off 52 127 1
