on 43 80 0
off 43 0 227
on 46 80 13
on 50 80 0
off 46 0 227
off 50 0 0
on 38 80 13
off 38 0 227
on 46 80 13
on 50 80 0
off 46 0 227
off 50 0 0
on 43 80 13
off 43 0 227
on 46 80 13
on 50 80 0
off 46 0 227
off 50 0 0
on 38 80 13
off 38 0 227
on 46 80 13
on 50 80 0
off 46 0 227
off 50 0 0
on 43 80 13
off 43 0 227
on 48 80 13
on 51 80 0
off 48 0 227
off 51 0 0
on 36 80 13
off 36 0 227
on 48 80 13
on 51 80 0
off 48 0 227
off 51 0 0
on 43 80 13
off 43 0 227
on 46 80 13
on 50 80 0
off 46 0 227
off 50 0 0
on 38 80 13
off 38 0 227
on 46 80 13
on 50 80 0
off 46 0 227
off 50 0 0
on 43 80 13
off 43 0 227
on 48 80 13
on 51 80 0
off 48 0 227
off 51 0 0
on 36 80 13
off 36 0 227
on 48 80 13
on 51 80 0
off 48 0 227
off 51 0 0
on 43 80 13
off 43 0 227
on 46 80 13
on 50 80 0
off 46 0 227
off 50 0 0
on 38 80 13
off 38 0 227
on 46 80 13
on 50 80 0
off 46 0 227
off 50 0 0
on 42 80 13
off 42 0 227
on 48 80 13
on 50 80 0
off 48 0 227
off 50 0 0
on 38 80 13
off 38 0 227
on 48 80 13
on 50 80 0
off 48 0 227
off 50 0 0
on 43 80 13
off 43 0 227
on 46 80 13
on 50 80 0
off 46 0 227
off 50 0 0
on 38 80 13
off 38 0 227
on 46 80 13
on 50 80 0
off 46 0 227
off 50 0 0
on 43 80 13
off 43 0 227
on 46 80 13
on 50 80 0
off 46 0 227
off 50 0 0
on 38 80 13
off 38 0 227
on 46 80 13
on 50 80 0
off 46 0 227
off 50 0 0
on 43 80 13
off 43 0 227
on 46 80 13
on 50 80 0
off 46 0 227
off 50 0 0
on 38 80 13
off 38 0 227
on 46 80 13
on 50 80 0
off 46 0 227
off 50 0 0
on 43 80 13
off 43 0 227
on 48 80 13
on 51 80 0
off 48 0 227
off 51 0 0
on 36 80 13
off 36 0 227
on 48 80 13
on 51 80 0
off 48 0 227
off 51 0 0
on 43 80 13
off 43 0 227
on 46 80 13
on 50 80 0
off 46 0 227
off 50 0 0
on 38 80 13
off 38 0 227
on 46 80 13
on 50 80 0
off 46 0 227
off 50 0 0
on 55 49 13
off 55 0 227
on 58 50 13
on 63 50 0
off 58 0 119
off 63 0 0
on 53 53 121
off 53 0 227
on 57 56 13
on 62 56 0
off 57 0 119
off 62 0 0
on 51 59 121
off 51 0 227
on 55 62 13
on 60 62 0
off 55 0 119
off 60 0 0
on 50 65 121
off 50 0 227
on 55 68 13
on 58 68 0
off 55 0 119
off 58 0 0
on 38 71 121
off 38 0 227
on 54 74 13
on 62 74 0
off 54 0 227
off 62 0 0
on 50 80 253
on 54 80 0
on 60 80 0
off 50 0 119
off 54 0 0
off 60 0 0
on 55 83 121
off 55 0 455
on 43 89 25
on 50 89 0
on 55 89 0
off 43 0 227
off 50 0 0
off 55 0 0
on 43 96 253
off 43 0 227
on 46 96 13
on 50 96 0
off 46 0 227
off 50 0 0
on 38 96 13
off 38 0 227
on 46 96 13
on 50 96 0
off 46 0 227
off 50 0 0
on 43 96 13
off 43 0 227
on 46 96 13
on 50 96 0
off 46 0 227
off 50 0 0
on 38 96 13
off 38 0 227
on 46 96 13
on 50 96 0
off 46 0 227
off 50 0 0
on 43 96 13
off 43 0 227
on 48 96 13
on 51 96 0
off 48 0 227
off 51 0 0
on 36 96 13
off 36 0 227
on 48 96 13
on 51 96 0
off 48 0 227
off 51 0 0
on 43 96 13
off 43 0 227
on 46 96 13
on 50 96 0
off 46 0 227
off 50 0 0
on 38 96 13
off 38 0 227
on 46 96 13
on 50 96 0
off 46 0 227
off 50 0 0
on 43 96 13
off 43 0 227
on 48 96 13
on 51 96 0
off 48 0 227
off 51 0 0
on 36 96 13
off 36 0 227
on 48 96 13
on 51 96 0
off 48 0 227
off 51 0 0
on 43 96 13
off 43 0 227
on 46 96 13
on 50 96 0
off 46 0 227
off 50 0 0
on 38 96 13
off 38 0 227
on 46 96 13
on 50 96 0
off 46 0 227
off 50 0 0
on 42 96 13
off 42 0 227
on 48 96 13
on 50 96 0
off 48 0 227
off 50 0 0
on 38 96 13
off 38 0 227
on 48 96 13
on 50 96 0
off 48 0 227
off 50 0 0
on 43 96 13
off 43 0 227
on 46 96 13
on 50 96 0
off 46 0 227
off 50 0 0
on 38 96 13
off 38 0 227
on 46 96 13
on 50 96 0
off 46 0 227
off 50 0 0
on 43 96 13
off 43 0 227
on 46 96 13
on 50 96 0
off 46 0 227
off 50 0 0
on 38 99 13
off 38 0 227
on 46 105 13
on 50 105 0
off 46 0 227
off 50 0 0
on 43 112 13
off 43 0 227
on 46 112 13
on 50 112 0
off 46 0 227
off 50 0 0
on 38 112 13
off 38 0 227
on 46 112 13
on 50 112 0
off 46 0 227
off 50 0 0
on 43 112 13
off 43 0 227
on 48 112 13
on 51 112 0
off 48 0 227
off 51 0 0
on 36 112 13
off 36 0 227
on 48 112 13
on 51 112 0
off 48 0 227
off 51 0 0
on 43 112 13
off 43 0 227
on 46 112 13
on 50 112 0
off 46 0 227
off 50 0 0
on 38 112 13
off 38 0 227
on 46 112 13
on 50 112 0
off 46 0 227
off 50 0 0
on 55 49 13
off 55 0 227
on 58 51 13
on 63 51 0
off 58 0 119
off 63 0 0
on 53 55 121
off 53 0 227
on 57 59 13
on 62 59 0
off 57 0 119
off 62 0 0
on 51 63 121
off 51 0 227
on 55 67 13
on 60 67 0
off 55 0 119
off 60 0 0
on 50 71 121
off 50 0 227
on 55 75 13
on 58 75 0
off 55 0 119
off 58 0 0
on 38 79 121
off 38 0 227
on 54 83 13
on 62 83 0
off 54 0 227
off 62 0 0
on 50 91 253
on 54 91 0
on 60 91 0
off 50 0 119
off 54 0 0
off 60 0 0
on 43 96 121
on 55 96 0
off 43 0 455
off 55 0 0
on 31 115 25
on 43 115 0
off 31 0 479
off 43 0 0
on 47 96 1
off 47 0 227
on 53 96 13
on 55 96 0
on 59 96 0
off 53 0 227
off 55 0 0
off 59 0 0
on 43 96 13
off 43 0 227
on 53 96 13
on 55 96 0
on 59 96 0
off 53 0 227
off 55 0 0
off 59 0 0
on 47 96 13
off 47 0 227
on 55 96 13
on 59 96 0
off 55 0 227
off 59 0 0
on 43 96 13
off 43 0 227
on 53 96 13
on 55 96 0
on 59 96 0
off 53 0 227
off 55 0 0
off 59 0 0
on 48 96 13
off 48 0 227
on 51 96 13
on 55 96 0
on 60 96 0
off 51 0 227
off 55 0 0
off 60 0 0
on 43 96 13
off 43 0 227
on 51 96 13
on 55 96 0
on 60 96 0
off 51 0 227
off 55 0 0
off 60 0 0
on 48 96 13
off 48 0 227
on 51 96 13
on 55 96 0
on 60 96 0
off 51 0 227
off 55 0 0
off 60 0 0
on 46 96 13
off 46 0 227
on 48 96 13
on 51 96 0
on 55 96 0
off 48 0 227
off 51 0 0
off 55 0 0
on 45 96 13
off 45 0 227
on 51 96 13
on 53 96 0
on 57 96 0
off 51 0 227
off 53 0 0
off 57 0 0
on 41 96 13
off 41 0 227
on 51 96 13
on 53 96 0
on 57 96 0
off 51 0 227
off 53 0 0
off 57 0 0
on 45 96 13
off 45 0 227
on 53 96 13
on 57 96 0
off 53 0 227
off 57 0 0
on 41 96 13
off 41 0 227
on 51 96 13
on 53 96 0
on 57 96 0
off 51 0 227
off 53 0 0
off 57 0 0
on 46 96 13
off 46 0 227
on 50 96 13
on 53 96 0
on 58 96 0
off 50 0 227
off 53 0 0
off 58 0 0
on 41 96 13
off 41 0 227
on 50 96 13
on 53 96 0
on 58 96 0
off 50 0 227
off 53 0 0
off 58 0 0
on 46 96 13
off 46 0 227
on 50 96 13
on 53 96 0
on 58 96 0
off 50 0 227
off 53 0 0
off 58 0 0
on 41 96 13
off 41 0 227
on 50 96 13
on 53 96 0
on 58 96 0
off 50 0 227
off 53 0 0
off 58 0 0
on 54 96 13
off 54 0 227
on 57 93 13
on 60 93 0
on 62 93 0
off 57 0 227
off 60 0 0
off 62 0 0
on 50 90 13
off 50 0 227
on 57 87 13
on 60 87 0
on 62 87 0
off 57 0 227
off 60 0 0
off 62 0 0
on 54 84 13
off 54 0 227
on 57 81 13
on 62 81 0
off 57 0 227
off 62 0 0
on 50 78 13
off 50 0 227
on 57 75 13
on 60 75 0
on 62 75 0
off 57 0 227
off 60 0 0
off 62 0 0
on 51 71 13
off 51 0 227
on 55 68 13
on 58 68 0
on 63 68 0
off 55 0 227
off 58 0 0
off 63 0 0
on 46 65 13
off 46 0 227
on 55 62 13
on 58 62 0
on 63 62 0
off 55 0 227
off 58 0 0
off 63 0 0
on 51 59 13
off 51 0 227
on 55 56 13
on 58 56 0
on 63 56 0
off 55 0 227
off 58 0 0
off 63 0 0
on 46 53 13
off 46 0 227
on 55 49 13
on 58 49 0
on 62 49 0
off 55 0 227
off 58 0 0
off 62 0 0
on 42 96 13
on 54 96 0
off 42 0 239
off 54 0 0
on 38 96 601
on 50 96 0
off 38 0 113
off 50 0 0
on 40 96 7
on 52 96 0
off 40 0 227
off 52 0 0
on 42 96 253
on 54 96 0
off 42 0 227
off 54 0 0
on 31 96 253
on 43 96 0
off 31 0 227
off 43 0 0
on 50 96 13
on 55 96 0
on 58 96 0
off 50 0 455
off 55 0 0
off 58 0 0
on 48 96 265
on 51 96 0
on 55 96 0
off 48 0 455
off 51 0 0
off 55 0 0
on 43 96 25
on 46 96 0
on 50 96 0
on 55 96 0
off 43 0 455
off 46 0 0
off 50 0 0
off 55 0 0
on 47 96 25
off 47 0 227
on 53 96 13
on 55 96 0
on 59 96 0
off 53 0 227
off 55 0 0
off 59 0 0
on 43 96 13
off 43 0 227
on 53 96 13
on 55 96 0
on 59 96 0
off 53 0 227
off 55 0 0
off 59 0 0
on 47 96 13
off 47 0 227
on 55 96 13
on 59 96 0
off 55 0 227
off 59 0 0
on 43 96 13
off 43 0 227
on 53 96 13
on 55 96 0
on 59 96 0
off 53 0 227
off 55 0 0
off 59 0 0
on 48 96 13
off 48 0 227
on 51 96 13
on 55 96 0
on 60 96 0
off 51 0 227
off 55 0 0
off 60 0 0
on 43 96 13
off 43 0 227
on 51 96 13
on 55 96 0
on 60 96 0
off 51 0 227
off 55 0 0
off 60 0 0
on 48 96 13
off 48 0 227
on 51 96 13
on 55 96 0
on 60 96 0
off 51 0 227
off 55 0 0
off 60 0 0
on 46 96 13
off 46 0 227
on 48 96 13
on 51 96 0
on 55 96 0
off 48 0 227
off 51 0 0
off 55 0 0
on 45 96 13
off 45 0 227
on 51 96 13
on 53 96 0
on 57 96 0
off 51 0 227
off 53 0 0
off 57 0 0
on 41 96 13
off 41 0 227
on 51 96 13
on 53 96 0
on 57 96 0
off 51 0 227
off 53 0 0
off 57 0 0
on 45 96 13
off 45 0 227
on 53 96 13
on 57 96 0
off 53 0 227
off 57 0 0
on 41 96 13
off 41 0 227
on 51 96 13
on 53 96 0
on 57 96 0
off 51 0 227
off 53 0 0
off 57 0 0
on 46 96 13
off 46 0 227
on 50 96 13
on 53 96 0
on 58 96 0
off 50 0 227
off 53 0 0
off 58 0 0
on 41 96 13
off 41 0 227
on 50 96 13
on 53 96 0
on 58 96 0
off 50 0 227
off 53 0 0
off 58 0 0
on 46 96 13
off 46 0 227
on 50 96 13
on 53 96 0
on 58 96 0
off 50 0 227
off 53 0 0
off 58 0 0
on 41 96 13
off 41 0 227
on 50 96 13
on 53 96 0
on 58 96 0
off 50 0 227
off 53 0 0
off 58 0 0
on 54 96 13
off 54 0 227
on 57 93 13
on 60 93 0
on 62 93 0
off 57 0 227
off 60 0 0
off 62 0 0
on 50 90 13
off 50 0 227
on 57 87 13
on 60 87 0
on 62 87 0
off 57 0 227
off 60 0 0
off 62 0 0
on 54 84 13
off 54 0 227
on 57 81 13
on 62 81 0
off 57 0 227
off 62 0 0
on 50 78 13
off 50 0 227
on 57 75 13
on 60 75 0
on 62 75 0
off 57 0 227
off 60 0 0
off 62 0 0
on 51 71 13
off 51 0 227
on 55 68 13
on 58 68 0
on 63 68 0
off 55 0 227
off 58 0 0
off 63 0 0
on 46 65 13
off 46 0 227
on 55 62 13
on 58 62 0
on 63 62 0
off 55 0 227
off 58 0 0
off 63 0 0
on 51 59 13
off 51 0 227
on 55 56 13
on 58 56 0
on 63 56 0
off 55 0 227
off 58 0 0
off 63 0 0
on 46 53 13
off 46 0 227
on 55 49 13
on 58 49 0
on 62 49 0
off 55 0 227
off 58 0 0
off 62 0 0
on 42 96 13
on 54 96 0
off 42 0 239
off 54 0 0
on 38 96 601
on 50 96 0
off 38 0 113
off 50 0 0
on 40 96 7
on 52 96 0
off 40 0 227
off 52 0 0
on 42 96 253
on 54 96 0
off 42 0 227
off 54 0 0
on 31 96 253
on 43 96 0
off 31 0 227
off 43 0 0
on 50 96 13
on 55 96 0
on 58 96 0
off 50 0 455
off 55 0 0
off 58 0 0
on 48 96 265
on 51 96 0
on 55 96 0
off 48 0 455
off 51 0 0
off 55 0 0
on 43 96 25
on 46 96 0
on 50 96 0
on 55 96 0
off 43 0 455
off 46 0 0
off 50 0 0
off 55 0 0
on 43 96 0
on 55 96 0
off 43 0 227
off 55 0 0
on 50 96 13
off 50 0 227
on 43 96 13
on 55 96 0
off 43 0 227
off 55 0 0
on 50 96 13
off 50 0 227
on 43 96 13
on 55 96 0
off 43 0 227
off 55 0 0
on 50 96 13
off 50 0 227
on 43 96 13
on 55 96 0
off 43 0 227
off 55 0 0
on 50 96 13
off 50 0 227
on 43 96 13
on 55 96 0
off 43 0 227
off 55 0 0
on 50 96 13
off 50 0 227
on 43 96 13
on 55 96 0
off 43 0 227
off 55 0 0
on 50 96 13
off 50 0 227
on 43 96 13
on 55 96 0
off 43 0 227
off 55 0 0
on 50 96 13
off 50 0 227
on 43 96 13
on 55 96 0
off 43 0 227
off 55 0 0
on 50 96 13
off 50 0 227
on 43 96 13
on 55 96 0
off 43 0 227
off 55 0 0
on 50 96 13
off 50 0 227
on 43 96 13
on 55 96 0
off 43 0 227
off 55 0 0
on 50 96 13
off 50 0 227
on 43 96 13
on 55 96 0
off 43 0 227
off 55 0 0
on 50 96 13
off 50 0 227
on 43 96 13
on 55 96 0
off 43 0 227
off 55 0 0
on 50 96 13
off 50 0 227
on 43 96 13
on 55 96 0
off 43 0 227
off 55 0 0
on 50 96 13
off 50 0 227
on 43 96 13
on 55 96 0
off 43 0 227
off 55 0 0
on 50 96 13
off 50 0 227
on 43 96 13
on 55 96 0
off 43 0 227
off 55 0 0
on 50 96 13
off 50 0 227
on 43 96 13
on 55 96 0
off 43 0 227
off 55 0 0
on 50 96 13
off 50 0 227
on 43 96 13
on 55 96 0
off 43 0 227
off 55 0 0
on 50 96 13
off 50 0 227
on 43 96 13
on 55 96 0
off 43 0 227
off 55 0 0
on 50 96 13
off 50 0 227
on 43 96 13
on 55 96 0
off 43 0 227
off 55 0 0
on 50 96 13
off 50 0 227
on 43 96 13
on 55 96 0
off 43 0 227
off 55 0 0
on 50 96 13
off 50 0 227
on 43 96 13
on 55 96 0
off 43 0 227
off 55 0 0
on 50 96 13
off 50 0 227
on 43 96 13
on 55 96 0
off 43 0 227
off 55 0 0
on 50 96 13
off 50 0 227
on 43 96 13
on 55 96 0
off 43 0 227
off 55 0 0
on 50 96 13
off 50 0 227
on 43 96 13
on 55 96 0
off 43 0 227
off 55 0 0
on 50 96 13
off 50 0 227
on 43 49 13
off 43 0 227
on 43 49 13
on 50 49 0
off 43 0 227
off 50 0 0
on 43 49 13
off 43 0 227
on 43 49 13
on 50 49 0
off 43 0 227
off 50 0 0
on 43 49 13
off 43 0 227
on 43 49 13
on 50 49 0
off 43 0 227
off 50 0 0
on 43 49 13
off 43 0 227
on 43 49 13
on 50 49 0
off 43 0 227
off 50 0 0
on 43 96 13
off 43 0 119
on 55 96 121
off 55 0 119
on 52 96 121
off 52 0 119
on 48 96 121
off 48 0 119
on 43 96 121
on 55 96 0
off 43 0 239
off 55 0 0
on 55 96 1
on 59 96 0
on 62 96 0
off 55 0 119
off 59 0 0
off 62 0 0
on 55 96 361
on 59 96 0
on 62 96 0
off 55 0 119
off 59 0 0
off 62 0 0
on 43 49 121
off 43 0 227
on 43 49 13
on 50 49 0
off 43 0 227
off 50 0 0
on 43 49 13
off 43 0 227
on 43 49 13
on 50 49 0
off 43 0 227
off 50 0 0
on 43 49 13
off 43 0 227
on 43 49 13
on 50 49 0
off 43 0 227
off 50 0 0
on 43 49 13
off 43 0 227
on 43 49 13
on 50 49 0
off 43 0 227
off 50 0 0
on 43 96 13
off 43 0 119
on 48 96 121
off 48 0 119
on 50 96 121
off 50 0 119
on 50 96 121
off 50 0 119
on 43 96 121
on 50 96 0
on 55 96 0
off 43 0 479
off 50 0 0
off 55 0 0
on 55 96 1
on 59 96 0
on 62 96 0
off 55 0 119
off 59 0 0
off 62 0 0
on 43 49 361
off 43 0 227
on 43 49 13
on 50 49 0
off 43 0 227
off 50 0 0
on 43 49 13
off 43 0 227
on 43 49 13
on 50 49 0
off 43 0 227
off 50 0 0
on 43 49 13
off 43 0 227
on 43 49 13
on 50 49 0
off 43 0 227
off 50 0 0
on 43 49 13
off 43 0 227
on 43 49 13
on 50 49 0
off 43 0 227
off 50 0 0
on 43 96 13
off 43 0 119
on 55 96 121
off 55 0 119
on 52 96 121
off 52 0 119
on 48 96 121
off 48 0 119
on 43 96 121
on 55 96 0
off 43 0 239
off 55 0 0
on 55 96 1
on 59 96 0
on 62 96 0
off 55 0 119
off 59 0 0
off 62 0 0
on 55 96 361
on 59 96 0
on 62 96 0
off 55 0 119
off 59 0 0
off 62 0 0
on 43 49 121
off 43 0 227
on 43 49 13
on 50 49 0
off 43 0 227
off 50 0 0
on 43 49 13
off 43 0 227
on 43 49 13
on 50 49 0
off 43 0 227
off 50 0 0
on 43 49 13
off 43 0 227
on 43 49 13
on 50 49 0
off 43 0 227
off 50 0 0
on 43 49 13
off 43 0 227
on 43 49 13
on 50 49 0
off 43 0 227
off 50 0 0
on 43 96 13
off 43 0 119
on 48 96 121
off 48 0 119
on 50 96 121
off 50 0 119
on 50 96 121
off 50 0 119
on 43 96 121
on 50 96 0
on 55 96 0
off 43 0 479
off 50 0 0
off 55 0 0
on 55 96 1
on 59 96 0
on 62 96 0
off 55 0 119
off 59 0 0
off 62 0 0
on 43 80 0
off 43 0 227
on 46 80 13
on 50 80 0
off 46 0 227
off 50 0 0
on 38 80 13
off 38 0 227
on 46 80 13
on 50 80 0
off 46 0 227
off 50 0 0
on 43 80 13
off 43 0 227
on 46 80 13
on 50 80 0
off 46 0 227
off 50 0 0
on 38 80 13
off 38 0 227
on 46 80 13
on 50 80 0
off 46 0 227
off 50 0 0
on 43 80 13
off 43 0 227
on 48 80 13
on 51 80 0
off 48 0 227
off 51 0 0
on 36 80 13
off 36 0 227
on 48 80 13
on 51 80 0
off 48 0 227
off 51 0 0
on 43 80 13
off 43 0 227
on 46 80 13
on 50 80 0
off 46 0 227
off 50 0 0
on 38 80 13
off 38 0 227
on 46 80 13
on 50 80 0
off 46 0 227
off 50 0 0
on 43 80 13
off 43 0 227
on 48 80 13
on 51 80 0
off 48 0 227
off 51 0 0
on 36 80 13
off 36 0 227
on 48 80 13
on 51 80 0
off 48 0 227
off 51 0 0
on 43 80 13
off 43 0 227
on 46 80 13
on 50 80 0
off 46 0 227
off 50 0 0
on 38 80 13
off 38 0 227
on 46 80 13
on 50 80 0
off 46 0 227
off 50 0 0
on 42 80 13
off 42 0 227
on 48 80 13
on 50 80 0
off 48 0 227
off 50 0 0
on 38 80 13
off 38 0 227
on 48 80 13
on 50 80 0
off 48 0 227
off 50 0 0
on 43 80 13
off 43 0 227
on 46 80 13
on 50 80 0
off 46 0 227
off 50 0 0
on 38 80 13
off 38 0 227
on 46 80 13
on 50 80 0
off 46 0 227
off 50 0 0
on 43 96 13
off 43 0 227
on 46 96 13
on 50 96 0
off 46 0 227
off 50 0 0
on 38 99 13
off 38 0 227
on 46 105 13
on 50 105 0
off 46 0 227
off 50 0 0
on 43 112 13
off 43 0 227
on 46 112 13
on 50 112 0
off 46 0 227
off 50 0 0
on 38 112 13
off 38 0 227
on 46 112 13
on 50 112 0
off 46 0 227
off 50 0 0
on 43 112 13
off 43 0 227
on 48 112 13
on 51 112 0
off 48 0 227
off 51 0 0
on 36 112 13
off 36 0 227
on 48 112 13
on 51 112 0
off 48 0 227
off 51 0 0
on 43 112 13
off 43 0 227
on 46 112 13
on 50 112 0
off 46 0 227
off 50 0 0
on 38 112 13
off 38 0 227
on 46 112 13
on 50 112 0
off 46 0 227
off 50 0 0
on 55 49 13
off 55 0 227
on 58 51 13
on 63 51 0
off 58 0 119
off 63 0 0
on 53 55 121
off 53 0 227
on 57 59 13
on 62 59 0
off 57 0 119
off 62 0 0
on 51 63 121
off 51 0 227
on 55 67 13
on 60 67 0
off 55 0 119
off 60 0 0
on 50 71 121
off 50 0 227
on 55 75 13
on 58 75 0
off 55 0 119
off 58 0 0
on 38 79 121
off 38 0 227
on 54 83 13
on 62 83 0
off 54 0 227
off 62 0 0
on 50 91 253
on 54 91 0
on 60 91 0
off 50 0 119
off 54 0 0
off 60 0 0
on 43 96 121
on 55 96 0
off 43 0 455
off 55 0 0
on 31 115 25
on 43 115 0
off 31 0 479
off 43 0 0
on 47 96 1
off 47 0 227
on 53 96 13
on 55 96 0
on 59 96 0
off 53 0 227
off 55 0 0
off 59 0 0
on 43 96 13
off 43 0 227
on 53 96 13
on 55 96 0
on 59 96 0
off 53 0 227
off 55 0 0
off 59 0 0
on 47 96 13
off 47 0 227
on 55 96 13
on 59 96 0
off 55 0 227
off 59 0 0
on 43 96 13
off 43 0 227
on 53 96 13
on 55 96 0
on 59 96 0
off 53 0 227
off 55 0 0
off 59 0 0
on 48 96 13
off 48 0 227
on 51 96 13
on 55 96 0
on 60 96 0
off 51 0 227
off 55 0 0
off 60 0 0
on 43 96 13
off 43 0 227
on 51 96 13
on 55 96 0
on 60 96 0
off 51 0 227
off 55 0 0
off 60 0 0
on 48 96 13
off 48 0 227
on 51 96 13
on 55 96 0
on 60 96 0
off 51 0 227
off 55 0 0
off 60 0 0
on 46 96 13
off 46 0 227
on 48 96 13
on 51 96 0
on 55 96 0
off 48 0 227
off 51 0 0
off 55 0 0
on 45 96 13
off 45 0 227
on 51 96 13
on 53 96 0
on 57 96 0
off 51 0 227
off 53 0 0
off 57 0 0
on 41 96 13
off 41 0 227
on 51 96 13
on 53 96 0
on 57 96 0
off 51 0 227
off 53 0 0
off 57 0 0
on 45 96 13
off 45 0 227
on 53 96 13
on 57 96 0
off 53 0 227
off 57 0 0
on 41 96 13
off 41 0 227
on 51 96 13
on 53 96 0
on 57 96 0
off 51 0 227
off 53 0 0
off 57 0 0
on 46 96 13
off 46 0 227
on 50 96 13
on 53 96 0
on 58 96 0
off 50 0 227
off 53 0 0
off 58 0 0
on 41 96 13
off 41 0 227
on 50 96 13
on 53 96 0
on 58 96 0
off 50 0 227
off 53 0 0
off 58 0 0
on 46 96 13
off 46 0 227
on 50 96 13
on 53 96 0
on 58 96 0
off 50 0 227
off 53 0 0
off 58 0 0
on 41 96 13
off 41 0 227
on 50 96 13
on 53 96 0
on 58 96 0
off 50 0 227
off 53 0 0
off 58 0 0
on 54 96 13
off 54 0 227
on 57 93 13
on 60 93 0
on 62 93 0
off 57 0 227
off 60 0 0
off 62 0 0
on 50 90 13
off 50 0 227
on 57 87 13
on 60 87 0
on 62 87 0
off 57 0 227
off 60 0 0
off 62 0 0
on 54 84 13
off 54 0 227
on 57 81 13
on 62 81 0
off 57 0 227
off 62 0 0
on 50 78 13
off 50 0 227
on 57 75 13
on 60 75 0
on 62 75 0
off 57 0 227
off 60 0 0
off 62 0 0
on 51 71 13
off 51 0 227
on 55 68 13
on 58 68 0
on 63 68 0
off 55 0 227
off 58 0 0
off 63 0 0
on 46 65 13
off 46 0 227
on 55 62 13
on 58 62 0
on 63 62 0
off 55 0 227
off 58 0 0
off 63 0 0
on 51 59 13
off 51 0 227
on 55 56 13
on 58 56 0
on 63 56 0
off 55 0 227
off 58 0 0
off 63 0 0
on 46 53 13
off 46 0 227
on 55 49 13
on 58 49 0
on 62 49 0
off 55 0 227
off 58 0 0
off 62 0 0
on 42 96 13
on 54 96 0
off 42 0 239
off 54 0 0
on 38 96 601
on 50 96 0
off 38 0 113
off 50 0 0
on 40 96 7
on 52 96 0
off 40 0 227
off 52 0 0
on 42 96 253
on 54 96 0
off 42 0 227
off 54 0 0
on 31 96 253
on 43 96 0
off 31 0 227
off 43 0 0
on 50 96 13
on 55 96 0
on 58 96 0
off 50 0 455
off 55 0 0
off 58 0 0
on 48 96 265
on 51 96 0
on 55 96 0
off 48 0 455
off 51 0 0
off 55 0 0
on 43 96 25
on 46 96 0
on 50 96 0
on 55 96 0
off 43 0 455
off 46 0 0
off 50 0 0
off 55 0 0
on 47 96 25
off 47 0 227
on 53 96 13
on 55 96 0
on 59 96 0
off 53 0 227
off 55 0 0
off 59 0 0
on 43 96 13
off 43 0 227
on 53 96 13
on 55 96 0
on 59 96 0
off 53 0 227
off 55 0 0
off 59 0 0
on 47 96 13
off 47 0 227
on 55 96 13
on 59 96 0
off 55 0 227
off 59 0 0
on 43 96 13
off 43 0 227
on 53 96 13
on 55 96 0
on 59 96 0
off 53 0 227
off 55 0 0
off 59 0 0
on 48 96 13
off 48 0 227
on 51 96 13
on 55 96 0
on 60 96 0
off 51 0 227
off 55 0 0
off 60 0 0
on 43 96 13
off 43 0 227
on 51 96 13
on 55 96 0
on 60 96 0
off 51 0 227
off 55 0 0
off 60 0 0
on 48 96 13
off 48 0 227
on 51 96 13
on 55 96 0
on 60 96 0
off 51 0 227
off 55 0 0
off 60 0 0
on 46 96 13
off 46 0 227
on 48 96 13
on 51 96 0
on 55 96 0
off 48 0 227
off 51 0 0
off 55 0 0
on 45 96 13
off 45 0 227
on 51 96 13
on 53 96 0
on 57 96 0
off 51 0 227
off 53 0 0
off 57 0 0
on 41 96 13
off 41 0 227
on 51 96 13
on 53 96 0
on 57 96 0
off 51 0 227
off 53 0 0
off 57 0 0
on 45 96 13
off 45 0 227
on 53 96 13
on 57 96 0
off 53 0 227
off 57 0 0
on 41 96 13
off 41 0 227
on 51 96 13
on 53 96 0
on 57 96 0
off 51 0 227
off 53 0 0
off 57 0 0
on 46 96 13
off 46 0 227
on 50 96 13
on 53 96 0
on 58 96 0
off 50 0 227
off 53 0 0
off 58 0 0
on 41 96 13
off 41 0 227
on 50 96 13
on 53 96 0
on 58 96 0
off 50 0 227
off 53 0 0
off 58 0 0
on 46 96 13
off 46 0 227
on 50 96 13
on 53 96 0
on 58 96 0
off 50 0 227
off 53 0 0
off 58 0 0
on 41 96 13
off 41 0 227
on 50 96 13
on 53 96 0
on 58 96 0
off 50 0 227
off 53 0 0
off 58 0 0
on 54 96 13
off 54 0 227
on 57 93 13
on 60 93 0
on 62 93 0
off 57 0 227
off 60 0 0
off 62 0 0
on 50 90 13
off 50 0 227
on 57 87 13
on 60 87 0
on 62 87 0
off 57 0 227
off 60 0 0
off 62 0 0
on 54 84 13
off 54 0 227
on 57 81 13
on 62 81 0
off 57 0 227
off 62 0 0
on 50 78 13
off 50 0 227
on 57 75 13
on 60 75 0
on 62 75 0
off 57 0 227
off 60 0 0
off 62 0 0
on 51 71 13
off 51 0 227
on 55 68 13
on 58 68 0
on 63 68 0
off 55 0 227
off 58 0 0
off 63 0 0
on 46 65 13
off 46 0 227
on 55 62 13
on 58 62 0
on 63 62 0
off 55 0 227
off 58 0 0
off 63 0 0
on 51 59 13
off 51 0 227
on 55 56 13
on 58 56 0
on 63 56 0
off 55 0 227
off 58 0 0
off 63 0 0
on 46 53 13
off 46 0 227
on 55 49 13
on 58 49 0
on 62 49 0
off 55 0 227
off 58 0 0
off 62 0 0
on 42 96 13
on 54 96 0
off 42 0 239
off 54 0 0
on 38 96 601
on 50 96 0
off 38 0 113
off 50 0 0
on 40 96 7
on 52 96 0
off 40 0 227
off 52 0 0
on 42 96 253
on 54 96 0
off 42 0 227
off 54 0 0
on 31 96 253
on 43 96 0
off 31 0 227
off 43 0 0
on 50 96 13
on 55 96 0
on 58 96 0
off 50 0 455
off 55 0 0
off 58 0 0
on 48 96 265
on 51 96 0
on 55 96 0
off 48 0 455
off 51 0 0
off 55 0 0
on 43 96 25
on 46 96 0
on 50 96 0
on 55 96 0
off 43 0 455
off 46 0 0
off 50 0 0
off 55 0 0
on 36 126 25
on 45 126 0
on 51 126 0
off 36 0 119
off 45 0 0
off 51 0 0
on 38 126 361
on 45 126 0
on 50 126 0
off 38 0 119
off 45 0 0
off 50 0 0
on 43 126 361
on 46 126 0
on 50 126 0
on 58 126 0
off 43 0 911
off 46 0 0
off 50 0 0
off 58 0 0
