on 65 96 0
off 65 0 231
on 69 96 1
off 69 0 239
on 71 96 1
off 71 0 479
on 65 96 1
off 65 0 239
on 69 96 1
off 69 0 239
on 71 96 1
off 71 0 479
on 65 96 1
off 65 0 239
on 69 96 1
off 69 0 239
on 71 96 1
off 71 0 239
on 76 96 1
off 76 0 239
on 74 96 1
off 74 0 479
on 71 96 1
off 71 0 239
on 72 96 1
off 72 0 239
on 71 96 1
off 71 0 239
on 67 96 1
off 67 0 239
on 64 96 1
off 64 0 959
on 62 96 241
off 62 0 239
on 64 96 1
off 64 0 239
on 67 96 1
off 67 0 239
on 64 96 1
off 64 0 1439
on 65 96 1
off 65 0 239
on 69 96 1
off 69 0 239
on 71 96 1
off 71 0 479
on 65 96 1
off 65 0 239
on 69 96 1
off 69 0 239
on 71 96 1
off 71 0 479
on 65 96 1
off 65 0 239
on 69 96 1
off 69 0 239
on 71 96 1
off 71 0 239
on 76 96 1
off 76 0 239
on 74 96 1
off 74 0 479
on 71 96 1
off 71 0 239
on 72 96 1
off 72 0 239
on 76 96 1
off 76 0 239
on 71 96 1
off 71 0 239
on 67 96 1
off 67 0 959
on 71 96 241
off 71 0 239
on 67 96 1
off 67 0 239
on 62 96 1
off 62 0 239
on 64 96 1
off 64 0 1439
on 62 96 1
off 62 0 239
on 64 96 1
off 64 0 239
on 65 96 1
off 65 0 479
on 67 96 1
off 67 0 239
on 69 96 1
off 69 0 239
on 71 96 1
off 71 0 479
on 72 96 1
off 72 0 239
on 71 96 1
off 71 0 239
on 64 96 1
off 64 0 1439
on 65 96 1
on 62 96 0
off 65 0 239
off 62 0 0
on 67 96 1
on 64 96 0
off 67 0 239
off 64 0 0
on 69 96 1
on 65 96 0
off 69 0 479
off 65 0 0
on 71 96 1
on 67 96 0
off 71 0 239
off 67 0 0
on 72 96 1
on 69 96 0
off 72 0 239
off 69 0 0
on 74 96 1
on 71 96 0
off 74 0 479
off 71 0 0
on 76 96 1
on 72 96 0
off 76 0 239
off 72 0 0
on 77 96 1
on 74 96 0
off 77 0 239
off 74 0 0
on 79 96 1
on 76 96 0
off 79 0 479
off 76 0 960
on 62 96 1
off 62 0 239
on 64 96 1
off 64 0 239
on 65 96 1
off 65 0 479
on 67 96 1
off 67 0 239
on 69 96 1
off 69 0 239
on 71 96 1
off 71 0 479
on 72 96 1
off 72 0 239
on 71 96 1
off 71 0 239
on 64 96 1
off 64 0 1439
on 65 96 1
on 62 96 0
off 65 0 239
off 62 0 0
on 64 96 1
on 60 96 0
off 64 0 239
off 60 0 0
on 67 96 1
on 64 96 0
off 67 0 239
off 64 0 0
on 65 96 1
on 62 96 0
off 65 0 239
off 62 0 0
on 71 96 1
on 67 96 0
off 71 0 239
off 67 0 0
on 69 96 1
on 65 96 0
off 69 0 239
off 65 0 0
on 72 96 1
on 69 96 0
off 72 0 239
off 69 0 0
on 71 96 1
on 67 96 0
off 71 0 239
off 67 0 0
on 74 96 1
on 71 96 0
off 74 0 239
off 71 0 0
on 72 96 1
on 69 96 0
off 72 0 239
off 69 0 0
on 76 96 1
on 72 96 0
off 76 0 239
off 72 0 0
on 74 96 1
on 71 96 0
off 74 0 239
off 71 0 0
on 77 96 1
on 74 96 0
off 77 0 239
off 74 0 0
on 76 96 1
on 72 96 0
off 76 0 239
off 72 0 0
on 76 96 1
off 76 0 119
on 77 96 1
off 77 0 119
on 74 96 121
off 74 0 119
on 76 96 1
on 71 96 0
off 71 0 959
off 76 0 960
on 76 96 0
off 76 0 479
