on 76 36 480
off 76 0 120
on 75 33 0
off 75 0 120
on 76 39 0
off 76 0 120
on 75 36 0
off 75 0 120
on 76 45 0
off 76 0 120
on 71 40 0
off 71 0 120
on 74 47 0
off 74 0 120
on 72 39 0
off 72 0 120
on 69 51 0
off 69 0 240
on 60 34 120
off 60 0 120
on 64 38 0
off 64 0 120
on 69 42 0
off 69 0 120
on 71 46 0
off 71 0 240
on 64 36 120
off 64 0 120
on 68 39 0
off 68 0 120
on 71 42 0
off 71 0 120
on 72 45 0
off 72 0 240
on 64 35 120
off 64 0 120
on 76 38 0
off 76 0 120
on 75 34 0
off 75 0 120
on 76 41 0
off 76 0 120
on 75 37 0
off 75 0 120
on 76 46 0
off 76 0 120
on 71 39 0
off 71 0 120
on 74 48 0
off 74 0 120
on 72 39 0
off 72 0 120
on 69 48 0
off 69 0 240
on 60 34 120
off 60 0 120
on 64 37 0
off 64 0 120
on 69 41 0
off 69 0 120
on 71 45 0
off 71 0 240
on 64 37 120
off 64 0 120
on 72 40 0
off 72 0 120
on 71 38 0
off 71 0 120
on 69 40 0
off 69 0 240
on 76 36 240
off 76 0 120
on 75 33 0
off 75 0 120
on 76 39 0
off 76 0 120
on 75 36 0
off 75 0 120
on 76 45 0
off 76 0 120
on 71 40 0
off 71 0 120
on 74 47 0
off 74 0 120
on 72 39 0
off 72 0 120
on 69 51 0
off 69 0 240
on 60 34 120
off 60 0 120
on 64 38 0
off 64 0 120
on 69 42 0
off 69 0 120
on 71 46 0
off 71 0 240
on 64 36 120
off 64 0 120
on 68 39 0
off 68 0 120
on 71 42 0
off 71 0 120
on 72 45 0
off 72 0 240
on 64 35 120
off 64 0 120
on 76 38 0
off 76 0 120
on 75 34 0
off 75 0 120
on 76 41 0
off 76 0 120
on 75 37 0
off 75 0 120
on 76 46 0
off 76 0 120
on 71 39 0
off 71 0 120
on 74 48 0
off 74 0 120
on 72 39 0
off 72 0 120
on 69 48 0
off 69 0 240
on 60 34 120
off 60 0 120
on 64 37 0
off 64 0 120
on 69 41 0
off 69 0 120
on 71 45 0
off 71 0 240
on 64 37 120
off 64 0 120
on 72 40 0
off 72 0 120
on 71 38 0
off 71 0 120
on 69 40 0
off 69 0 240
on 71 42 120
off 71 0 120
on 72 45 0
off 72 0 120
on 74 48 0
off 74 0 120
on 76 51 0
off 76 0 360
on 67 40 0
off 67 0 120
on 77 46 0
off 77 0 120
on 76 43 0
off 76 0 120
on 74 50 0
off 74 0 360
on 65 40 0
off 65 0 120
on 76 46 0
off 76 0 120
on 74 43 0
off 74 0 120
on 72 50 0
off 72 0 360
on 64 40 0
off 64 0 120
on 74 46 0
off 74 0 120
on 72 43 0
off 72 0 120
on 71 50 0
off 71 0 240
on 64 39 120
off 64 0 120
on 76 45 0
off 76 0 90
on 76 43 270
off 76 0 120
on 88 48 0
off 88 0 90
on 75 42 270
off 75 0 120
on 76 48 0
off 76 0 90
on 75 35 270
off 75 0 120
on 76 37 0
off 76 0 120
on 75 34 0
off 75 0 120
on 76 40 0
off 76 0 120
on 75 36 0
off 75 0 120
on 76 40 0
off 76 0 120
on 71 35 0
off 71 0 120
on 74 42 0
off 74 0 120
on 72 37 0
off 72 0 120
on 69 45 0
off 69 0 240
on 60 34 120
off 60 0 120
on 64 38 0
off 64 0 120
on 69 42 0
off 69 0 120
on 71 46 0
off 71 0 240
on 64 36 120
off 64 0 120
on 68 39 0
off 68 0 120
on 71 42 0
off 71 0 120
on 72 45 0
off 72 0 240
on 64 35 120
off 64 0 120
on 76 38 0
off 76 0 120
on 75 34 0
off 75 0 120
on 76 41 0
off 76 0 120
on 75 37 0
off 75 0 120
on 76 46 0
off 76 0 120
on 71 39 0
off 71 0 120
on 74 48 0
off 74 0 120
on 72 39 0
off 72 0 120
on 69 46 0
off 69 0 240
on 60 34 120
off 60 0 120
on 64 37 0
off 64 0 120
on 69 41 0
off 69 0 120
on 71 45 0
off 71 0 240
on 64 37 120
off 64 0 120
on 72 40 0
off 72 0 120
on 71 38 0
off 71 0 120
on 69 40 0
off 69 0 240
on 71 43 120
off 71 0 120
on 72 45 0
off 72 0 120
on 74 47 0
off 74 0 120
on 76 50 0
off 76 0 360
on 67 40 0
off 67 0 120
on 77 46 0
off 77 0 120
on 76 43 0
off 76 0 120
on 74 50 0
off 74 0 360
on 65 40 0
off 65 0 120
on 76 46 0
off 76 0 120
on 74 43 0
off 74 0 120
on 72 50 0
off 72 0 360
on 64 40 0
off 64 0 120
on 74 46 0
off 74 0 120
on 72 43 0
off 72 0 120
on 71 50 0
off 71 0 240
on 64 39 120
off 64 0 120
on 76 45 0
off 76 0 90
on 76 43 270
off 76 0 120
on 88 48 0
off 88 0 90
on 75 42 270
off 75 0 120
on 76 48 0
off 76 0 90
on 75 35 270
off 75 0 120
on 76 37 0
off 76 0 120
on 75 34 0
off 75 0 120
on 76 39 0
off 76 0 120
on 75 36 0
off 75 0 120
on 76 39 0
off 76 0 120
on 71 35 0
off 71 0 120
on 74 40 0
off 74 0 120
on 72 33 0
off 72 0 120
on 69 46 0
off 69 0 240
on 60 34 120
off 60 0 120
on 64 38 0
off 64 0 120
on 69 42 0
off 69 0 120
on 71 46 0
off 71 0 240
on 64 36 120
off 64 0 120
on 68 39 0
off 68 0 120
on 71 42 0
off 71 0 120
on 72 45 0
off 72 0 240
on 64 35 120
off 64 0 120
on 76 38 0
off 76 0 120
on 75 34 0
off 75 0 120
on 76 41 0
off 76 0 120
on 75 37 0
off 75 0 120
on 76 46 0
off 76 0 120
on 71 39 0
off 71 0 120
on 74 48 0
off 74 0 120
on 72 39 0
off 72 0 120
on 69 48 0
off 69 0 240
on 60 34 120
off 60 0 120
on 64 37 0
off 64 0 120
on 69 41 0
off 69 0 120
on 71 45 0
off 71 0 240
on 64 37 120
off 64 0 120
on 72 40 0
off 72 0 120
on 71 38 0
off 71 0 120
on 69 40 0
off 69 0 240
on 64 40 120
on 72 46 0
off 72 0 90
off 64 0 0
on 65 41 30
on 72 47 0
off 72 0 90
off 65 0 0
on 64 43 30
on 67 43 0
on 72 49 0
off 72 0 60
off 67 0 0
off 64 0 0
on 65 43 0
off 65 0 30
on 69 41 0
off 69 0 30
on 72 55 0
off 72 0 480
on 77 57 0
off 77 0 180
on 76 52 0
off 76 0 58
on 76 57 2
off 76 0 240
on 74 51 0
off 74 0 240
on 82 62 0
off 82 0 180
on 81 56 0
off 81 0 58
on 81 56 2
off 81 0 120
on 79 56 0
off 79 0 120
on 77 55 0
off 77 0 120
on 76 55 0
off 76 0 120
on 74 55 0
off 74 0 120
on 72 54 0
off 72 0 120
on 70 54 0
off 70 0 240
on 69 51 0
off 69 0 210
on 70 44 0
off 70 0 30
on 69 49 0
off 69 0 60
on 67 50 0
off 67 0 60
on 69 51 0
off 69 0 60
on 70 52 0
off 70 0 60
on 72 54 0
off 72 0 480
on 74 55 0
off 74 0 120
on 75 57 0
off 75 0 120
on 76 59 0
off 76 0 360
on 76 58 0
off 76 0 120
on 77 63 0
off 77 0 120
on 69 58 0
off 69 0 120
on 72 64 0
off 72 0 480
on 74 64 0
off 74 0 180
on 71 57 0
off 71 0 60
on 72 64 0
off 72 0 60
on 79 57 0
off 79 0 60
on 67 64 0
off 67 0 60
on 79 57 0
off 79 0 60
on 69 64 0
off 69 0 60
on 79 63 0
off 79 0 60
on 71 66 0
off 71 0 60
on 79 63 0
off 79 0 60
on 72 68 0
off 72 0 60
on 79 66 0
off 79 0 60
on 74 70 0
off 74 0 60
on 79 65 0
off 79 0 60
on 76 72 0
off 76 0 60
on 79 63 0
off 79 0 60
on 84 67 0
off 84 0 60
on 83 62 0
off 83 0 60
on 81 67 0
off 81 0 60
on 79 62 0
off 79 0 60
on 77 67 0
off 77 0 60
on 76 61 0
off 76 0 60
on 74 69 0
off 74 0 60
on 79 63 0
off 79 0 60
on 77 69 0
off 77 0 60
on 74 64 0
off 74 0 60
on 72 64 0
off 72 0 60
on 79 57 0
off 79 0 60
on 67 64 0
off 67 0 60
on 79 57 0
off 79 0 60
on 69 64 0
off 69 0 60
on 79 63 0
off 79 0 60
on 71 66 0
off 71 0 60
on 79 63 0
off 79 0 60
on 72 68 0
off 72 0 60
on 79 66 0
off 79 0 60
on 74 70 0
off 74 0 60
on 79 65 0
off 79 0 60
on 76 72 0
off 76 0 60
on 79 65 0
off 79 0 60
on 84 69 0
off 84 0 60
on 83 64 0
off 83 0 60
on 81 70 0
off 81 0 60
on 79 60 0
off 79 0 60
on 77 64 0
off 77 0 60
on 76 55 0
off 76 0 60
on 74 65 0
off 74 0 60
on 79 57 0
off 79 0 60
on 77 63 0
off 77 0 60
on 74 53 0
off 74 0 60
on 76 57 0
off 76 0 60
on 77 50 0
off 77 0 60
on 76 50 0
off 76 0 60
on 75 50 0
off 75 0 60
on 76 57 0
off 76 0 60
on 71 49 0
off 71 0 60
on 76 54 0
off 76 0 60
on 75 52 0
off 75 0 60
on 76 57 0
off 76 0 60
on 71 51 0
off 71 0 60
on 76 54 0
off 76 0 60
on 75 49 0
off 75 0 60
on 76 57 0
off 76 0 360
on 71 52 0
off 71 0 120
on 76 57 0
off 76 0 120
on 75 49 0
off 75 0 120
on 76 56 0
off 76 0 360
on 71 42 0
off 71 0 120
on 76 50 0
off 76 0 90
on 75 39 270
off 75 0 120
on 76 41 0
off 76 0 90
on 75 34 270
off 75 0 120
on 76 40 0
off 76 0 120
on 75 36 0
off 75 0 120
on 76 40 0
off 76 0 120
on 71 36 0
off 71 0 120
on 74 43 0
off 74 0 120
on 72 35 0
off 72 0 120
on 69 45 0
off 69 0 240
on 60 34 120
off 60 0 120
on 64 38 0
off 64 0 120
on 69 42 0
off 69 0 120
on 71 46 0
off 71 0 240
on 64 36 120
off 64 0 120
on 68 39 0
off 68 0 120
on 71 42 0
off 71 0 120
on 72 45 0
off 72 0 240
on 64 35 120
off 64 0 120
on 76 38 0
off 76 0 120
on 75 34 0
off 75 0 120
on 76 41 0
off 76 0 120
on 75 37 0
off 75 0 120
on 76 46 0
off 76 0 120
on 71 39 0
off 71 0 120
on 74 48 0
off 74 0 120
on 72 39 0
off 72 0 120
on 69 48 0
off 69 0 240
on 60 34 120
off 60 0 120
on 64 37 0
off 64 0 120
on 69 41 0
off 69 0 120
on 71 45 0
off 71 0 240
on 64 37 120
off 64 0 120
on 72 40 0
off 72 0 120
on 71 38 0
off 71 0 120
on 69 40 0
off 69 0 240
on 71 44 120
off 71 0 120
on 72 46 0
off 72 0 120
on 74 48 0
off 74 0 120
on 76 52 0
off 76 0 360
on 67 40 0
off 67 0 120
on 77 46 0
off 77 0 120
on 76 43 0
off 76 0 120
on 74 50 0
off 74 0 360
on 65 40 0
off 65 0 120
on 76 46 0
off 76 0 120
on 74 43 0
off 74 0 120
on 72 50 0
off 72 0 360
on 64 40 0
off 64 0 120
on 74 46 0
off 74 0 120
on 72 43 0
off 72 0 120
on 71 50 0
off 71 0 240
on 64 39 120
off 64 0 120
on 76 45 0
off 76 0 90
on 76 43 270
off 76 0 120
on 88 48 0
off 88 0 90
on 75 42 270
off 75 0 120
on 76 48 0
off 76 0 90
on 75 35 270
off 75 0 120
on 76 37 0
off 76 0 120
on 75 34 0
off 75 0 120
on 76 40 0
off 76 0 120
on 75 36 0
off 75 0 120
on 76 43 0
off 76 0 120
on 71 38 0
off 71 0 120
on 74 44 0
off 74 0 120
on 72 38 0
off 72 0 120
on 69 47 0
off 69 0 240
on 60 34 120
off 60 0 120
on 64 38 0
off 64 0 120
on 69 42 0
off 69 0 120
on 71 46 0
off 71 0 240
on 64 36 120
off 64 0 120
on 68 39 0
off 68 0 120
on 71 42 0
off 71 0 120
on 72 45 0
off 72 0 240
on 64 35 120
off 64 0 120
on 76 38 0
off 76 0 120
on 75 34 0
off 75 0 120
on 76 41 0
off 76 0 120
on 75 37 0
off 75 0 120
on 76 41 0
off 76 0 120
on 71 34 0
off 71 0 120
on 74 45 0
off 74 0 120
on 72 36 0
off 72 0 120
on 69 46 0
off 69 0 240
on 60 34 120
off 60 0 120
on 64 37 0
off 64 0 120
on 69 41 0
off 69 0 120
on 71 45 0
off 71 0 240
on 64 37 120
off 64 0 120
on 72 40 0
off 72 0 120
on 71 38 0
off 71 0 120
on 69 40 0
off 69 0 240
on 64 45 480
on 67 45 0
on 70 45 0
on 73 53 0
off 73 0 720
off 64 0 0
off 67 0 0
off 70 0 0
on 65 49 0
on 69 49 0
on 74 59 0
off 74 0 480
off 69 0 0
off 65 0 0
on 73 54 0
on 76 64 0
off 76 0 90
off 73 0 0
on 74 59 30
on 77 70 0
off 77 0 90
off 74 0 0
on 68 65 30
on 74 65 0
on 77 77 0
off 77 0 480
off 74 0 0
off 68 0 0
on 68 63 0
on 74 63 0
on 77 75 0
off 77 0 240
off 74 0 0
off 68 0 0
on 69 60 0
on 72 60 0
on 76 72 0
off 76 0 720
off 72 0 0
off 69 0 0
on 65 69 0
on 74 82 0
off 74 0 480
off 65 0 0
on 64 61 0
on 72 73 0
off 72 0 90
off 64 0 0
on 62 61 30
on 71 73 0
off 71 0 90
off 62 0 0
on 60 67 30
on 66 67 0
on 69 79 0
off 69 0 480
off 66 0 0
off 60 0 0
on 60 66 0
on 69 78 0
off 69 0 240
off 60 0 0
on 60 68 0
on 69 80 0
off 69 0 240
off 60 0 0
on 64 66 0
on 72 78 0
off 72 0 240
off 64 0 0
on 62 61 0
on 71 73 0
off 71 0 240
off 62 0 0
on 60 56 0
on 69 67 0
off 69 0 720
off 60 0 0
on 64 45 0
on 67 45 0
on 70 45 0
on 73 53 0
off 73 0 720
off 64 0 0
off 67 0 0
off 70 0 0
on 65 49 0
on 69 49 0
on 74 59 0
off 74 0 480
off 69 0 0
off 65 0 0
on 73 54 0
on 76 64 0
off 76 0 90
off 73 0 0
on 74 59 30
on 77 70 0
off 77 0 90
off 74 0 0
on 74 65 30
on 77 77 0
off 77 0 480
off 74 0 0
on 74 63 0
on 77 75 0
off 77 0 240
off 74 0 0
on 74 60 0
on 77 72 0
off 77 0 720
off 74 0 0
on 67 69 0
on 75 82 0
off 75 0 480
off 67 0 0
on 65 61 0
on 74 73 0
off 74 0 90
off 65 0 0
on 63 61 30
on 72 73 0
off 72 0 90
off 63 0 0
on 62 67 30
on 65 67 0
on 70 79 0
off 70 0 480
off 65 0 0
off 62 0 0
on 65 66 0
on 62 66 0
on 69 78 0
off 69 0 240
off 62 0 0
off 65 0 0
on 65 68 0
on 62 68 0
on 68 80 0
off 68 0 480
off 62 0 0
off 65 0 0
on 65 61 0
on 62 61 0
on 68 73 0
off 68 0 240
off 62 0 0
off 65 0 0
on 64 61 0
on 60 61 0
on 69 73 0
off 69 0 480
off 60 0 0
off 64 0 0
on 64 49 240
on 71 58 0
off 71 0 240
off 64 0 0
on 57 42 480
off 57 0 80
on 60 44 0
off 60 0 80
on 64 45 0
off 64 0 80
on 69 47 0
off 69 0 80
on 72 43 0
off 72 0 80
on 76 43 0
off 76 0 80
on 74 47 0
off 74 0 80
on 72 43 0
off 72 0 80
on 71 43 0
off 71 0 80
on 69 45 0
off 69 0 80
on 72 47 0
off 72 0 80
on 76 48 0
off 76 0 80
on 81 50 0
off 81 0 80
on 84 47 0
off 84 0 80
on 88 47 0
off 88 0 80
on 86 52 0
off 86 0 80
on 84 47 0
off 84 0 80
on 83 47 0
off 83 0 80
on 81 49 0
off 81 0 80
on 84 51 0
off 84 0 80
on 88 53 0
off 88 0 80
on 93 53 0
off 93 0 80
on 96 50 0
off 96 0 80
on 100 50 0
off 100 0 80
on 98 54 0
off 98 0 80
on 96 49 0
off 96 0 80
on 95 50 0
off 95 0 80
on 94 54 0
off 94 0 80
on 93 50 0
off 93 0 80
on 92 49 0
off 92 0 80
on 91 51 0
off 91 0 80
on 90 49 0
off 90 0 80
on 89 48 0
off 89 0 80
on 88 51 0
off 88 0 80
on 87 49 0
off 87 0 80
on 86 50 0
off 86 0 80
on 85 50 0
off 85 0 80
on 84 49 0
off 84 0 80
on 83 49 0
off 83 0 80
on 82 48 0
off 82 0 80
on 81 48 0
off 81 0 80
on 80 47 0
off 80 0 80
on 79 47 0
off 79 0 80
on 78 46 0
off 78 0 80
on 77 46 0
off 77 0 80
on 76 39 0
off 76 0 120
on 75 36 0
off 75 0 120
on 76 41 0
off 76 0 120
on 71 35 0
off 71 0 120
on 74 43 0
off 74 0 120
on 72 39 0
off 72 0 120
on 69 46 0
off 69 0 240
on 60 34 120
off 60 0 120
on 64 38 0
off 64 0 120
on 69 42 0
off 69 0 120
on 71 46 0
off 71 0 240
on 64 36 120
off 64 0 120
on 68 39 0
off 68 0 120
on 71 42 0
off 71 0 120
on 72 45 0
off 72 0 240
on 64 35 120
off 64 0 120
on 76 38 0
off 76 0 120
on 75 34 0
off 75 0 120
on 76 41 0
off 76 0 120
on 75 37 0
off 75 0 120
on 76 46 0
off 76 0 120
on 71 39 0
off 71 0 120
on 74 48 0
off 74 0 120
on 72 39 0
off 72 0 120
on 69 48 0
off 69 0 240
on 60 34 120
off 60 0 120
on 64 37 0
off 64 0 120
on 69 41 0
off 69 0 120
on 71 45 0
off 71 0 240
on 64 37 120
off 64 0 120
on 72 40 0
off 72 0 120
on 71 38 0
off 71 0 120
on 69 40 0
off 69 0 240
on 71 38 120
off 71 0 120
on 72 42 0
off 72 0 120
on 74 46 0
off 74 0 120
on 76 50 0
off 76 0 360
on 67 40 0
off 67 0 120
on 77 46 0
off 77 0 120
on 76 43 0
off 76 0 120
on 74 50 0
off 74 0 360
on 65 40 0
off 65 0 120
on 76 46 0
off 76 0 120
on 74 43 0
off 74 0 120
on 72 50 0
off 72 0 360
on 64 40 0
off 64 0 120
on 74 46 0
off 74 0 120
on 72 43 0
off 72 0 120
on 71 50 0
off 71 0 240
on 64 39 120
off 64 0 120
on 76 45 0
off 76 0 90
on 76 43 270
off 76 0 120
on 88 48 0
off 88 0 90
on 75 42 270
off 75 0 120
on 76 48 0
off 76 0 90
on 75 35 270
off 75 0 120
on 76 37 0
off 76 0 120
on 75 34 0
off 75 0 120
on 76 40 0
off 76 0 120
on 75 36 0
off 75 0 120
on 76 42 0
off 76 0 120
on 71 36 0
off 71 0 120
on 74 43 0
off 74 0 120
on 72 35 0
off 72 0 120
on 69 48 0
off 69 0 240
on 60 34 120
off 60 0 120
on 64 38 0
off 64 0 120
on 69 42 0
off 69 0 120
on 71 46 0
off 71 0 240
on 64 36 120
off 64 0 120
on 68 39 0
off 68 0 120
on 71 42 0
off 71 0 120
on 72 45 0
off 72 0 240
on 64 35 120
off 64 0 120
on 76 38 0
off 76 0 120
on 75 34 0
off 75 0 120
on 76 41 0
off 76 0 120
on 75 37 0
off 75 0 120
on 76 46 0
off 76 0 120
on 71 39 0
off 71 0 120
on 74 48 0
off 74 0 120
on 72 39 0
off 72 0 120
on 69 48 0
off 69 0 240
on 60 34 120
off 60 0 120
on 64 37 0
off 64 0 120
on 69 41 0
off 69 0 120
on 71 45 0
off 71 0 240
on 64 37 120
off 64 0 120
on 72 40 0
off 72 0 120
on 71 38 0
off 71 0 120
on 69 36 0
off 69 0 240
