on 76 120 4
off 76 64 92
on 75 120 6
off 75 64 94
on 76 120 0
off 76 64 92
on 75 120 6
off 75 64 94
on 76 120 2
off 76 64 94
on 71 120 0
off 71 64 80
on 74 120 6
off 74 64 94
on 72 120 2
off 72 64 94
on 69 120 2
off 69 64 78
on 60 120 82
off 60 64 94
on 64 120 2
off 64 64 94
on 69 120 0
off 69 64 92
on 71 120 4
off 71 64 90
on 64 120 100
off 64 64 92
on 68 120 4
off 68 64 92
on 71 120 6
off 71 64 94
on 72 120 0
off 72 64 92
on 64 120 100
off 64 64 92
on 76 120 4
off 76 64 92
on 75 120 6
off 75 64 94
on 76 120 2
off 76 64 94
on 75 120 2
off 75 64 94
on 76 120 2
off 76 64 94
on 71 120 0
off 71 64 92
on 74 120 6
off 74 64 94
on 72 120 0
off 72 64 92
on 69 120 4
off 69 64 68
on 60 120 102
off 60 64 94
on 64 120 2
off 64 64 94
on 69 120 2
off 69 64 94
on 71 120 0
off 71 64 132
on 62 120 6
on 72 120 96
off 72 64 94
on 71 120 2
off 62 64 94
off 71 64 0
on 69 120 0
on 60 120 0
off 69 64 68
off 60 64 0
on 76 120 198
off 76 64 94
on 75 120 2
off 75 64 94
on 76 120 2
off 76 64 94
on 75 120 2
off 75 64 94
on 76 120 0
off 76 64 92
on 71 120 4
off 71 64 92
on 74 120 4
off 74 64 92
on 72 120 6
off 72 64 94
on 69 120 0
off 69 64 38
on 60 120 102
off 60 64 94
on 64 120 0
off 64 64 92
on 69 120 4
off 69 64 92
on 71 120 6
off 71 64 40
on 64 120 98
off 64 64 94
on 68 120 2
off 68 64 94
on 71 120 2
off 71 64 94
on 72 120 2
off 72 64 52
on 64 120 98
off 64 64 94
on 76 120 0
off 76 64 92
on 75 120 4
off 75 64 92
on 76 120 6
off 76 64 94
on 75 120 2
off 75 64 94
on 76 120 0
off 76 64 92
on 71 120 6
off 71 64 94
on 74 120 0
off 74 64 92
on 72 120 6
off 72 64 94
on 69 120 2
off 69 64 32
on 60 120 96
off 60 64 92
on 64 120 4
off 64 64 92
on 69 120 4
off 69 64 92
on 71 120 6
off 71 64 56
on 62 120 98
on 72 120 94
off 72 64 92
on 71 120 4
off 71 64 92
off 62 64 4
on 69 120 0
on 60 120 2
off 69 64 60
off 60 64 4
on 71 120 98
off 71 64 94
on 72 120 0
off 72 64 92
on 74 120 6
off 74 64 94
on 76 120 0
off 76 64 148
on 67 120 4
off 67 64 92
on 77 120 4
off 77 64 92
on 76 120 4
off 76 64 92
on 74 120 6
off 74 64 160
on 65 120 2
off 65 64 94
on 76 120 2
off 76 64 94
on 74 120 2
off 74 64 94
on 72 120 0
off 72 64 176
on 64 120 4
off 64 64 92
on 74 120 4
off 74 64 92
on 72 120 6
off 72 64 24
on 71 120 0
off 71 64 6
on 64 120 198
off 64 64 94
on 76 120 2
off 76 64 94
on 76 120 194
off 76 64 94
on 88 120 2
off 88 64 46
on 75 120 112
off 75 64 92
on 76 120 6
off 76 64 94
on 75 120 192
off 75 64 92
on 76 120 6
off 76 64 94
on 75 120 2
off 75 64 94
on 76 120 0
off 76 64 92
on 75 120 4
off 75 64 92
on 76 120 6
off 76 64 94
on 71 120 2
off 71 64 94
on 74 120 2
off 74 64 94
on 72 120 0
off 72 64 92
on 69 120 4
off 69 64 42
on 60 120 100
off 60 64 92
on 64 120 4
off 64 64 92
on 69 120 4
off 69 64 92
on 71 120 6
off 71 64 64
on 64 120 98
off 64 64 94
on 68 120 0
off 68 64 92
on 71 120 6
off 71 64 94
on 72 120 2
off 72 64 56
on 64 120 98
off 64 64 94
on 76 120 0
off 76 64 92
on 75 120 6
off 75 64 94
on 76 120 2
off 76 64 94
on 75 120 0
off 75 64 92
on 76 120 6
off 76 64 94
on 71 120 0
off 71 64 92
on 74 120 6
off 74 64 94
on 72 120 2
off 72 64 94
on 69 120 2
off 69 64 52
on 60 120 96
off 60 64 92
on 64 120 4
off 64 64 92
on 69 120 6
off 69 64 94
on 71 120 0
off 71 64 74
on 62 120 100
on 72 120 96
off 72 64 92
on 71 120 6
off 62 64 90
off 71 64 4
on 69 120 2
on 60 120 0
off 69 64 58
off 60 64 0
on 71 120 96
off 71 64 92
on 72 120 4
off 72 64 92
on 74 120 4
off 74 64 92
on 76 120 4
off 76 64 164
on 67 120 4
off 67 64 92
on 77 120 4
off 77 64 92
on 76 120 6
off 76 64 94
on 74 120 0
off 74 64 144
on 65 120 6
off 65 64 94
on 76 120 2
off 76 64 94
on 74 120 2
off 74 64 94
on 72 120 0
off 72 64 166
on 64 120 6
off 64 64 94
on 74 120 0
off 74 64 92
on 72 120 4
off 72 64 6
on 71 120 6
off 71 64 42
on 64 120 146
off 64 64 46
on 76 120 48
off 76 64 92
on 76 120 198
off 76 64 46
on 88 120 50
off 88 64 10
on 75 120 142
off 75 64 44
on 76 120 52
off 76 64 92
on 75 120 196
off 75 64 44
on 76 120 54
off 76 64 94
on 75 120 0
off 75 64 44
on 76 120 54
off 76 64 94
on 75 120 0
off 75 64 92
on 76 120 6
off 76 64 94
on 71 120 0
off 71 64 92
on 74 120 4
off 74 64 92
on 72 120 6
off 72 64 46
on 69 120 48
off 69 64 108
on 60 120 142
off 60 64 92
on 64 120 6
off 64 64 94
on 69 120 0
off 69 64 92
on 71 120 4
off 71 64 58
on 64 120 100
off 64 64 92
on 68 120 4
off 68 64 92
on 71 120 6
off 71 64 4
on 72 120 2
off 72 64 88
on 64 120 98
off 64 64 46
on 76 120 50
off 76 64 94
on 75 120 2
off 75 64 94
on 76 120 0
off 76 64 92
on 75 120 4
off 75 64 92
on 76 120 6
off 76 64 94
on 71 120 2
off 71 64 94
on 74 120 2
off 74 64 94
on 72 120 0
off 72 64 92
on 69 120 4
off 69 64 20
on 60 120 150
off 60 64 94
on 64 120 0
off 64 64 92
on 69 120 4
off 69 64 92
on 71 120 4
off 71 64 36
on 62 120 102
off 62 64 94
on 72 120 2
off 72 64 94
on 71 120 2
off 71 64 46
on 69 120 48
on 60 120 2
off 69 64 36
off 60 64 4
on 72 120 146
on 64 120 0
off 72 64 46
off 64 64 0
on 65 120 48
on 72 120 2
off 65 64 42
off 72 64 4
on 72 120 48
on 64 120 2
on 67 120 0
off 72 64 42
off 64 64 4
off 67 64 0
on 72 120 48
off 72 64 140
on 77 120 54
off 77 64 142
on 76 120 2
off 76 64 46
on 76 120 2
off 76 64 80
on 74 120 0
off 74 64 140
on 82 120 52
off 82 64 140
on 81 120 6
off 81 64 46
on 81 120 2
off 81 64 80
on 79 120 0
off 79 64 90
on 77 120 4
off 77 64 92
on 76 120 4
off 76 64 92
on 74 120 6
off 74 64 94
on 72 120 0
off 72 64 92
on 70 120 4
off 70 64 90
on 69 120 6
off 69 64 142
on 70 120 2
off 70 64 46
on 69 120 2
off 69 64 46
on 67 120 2
off 67 64 46
on 69 120 0
off 69 64 44
on 70 120 6
off 70 64 10
on 72 120 0
off 72 64 256
on 74 120 6
off 74 64 94
on 75 120 2
off 75 64 94
on 76 120 2
off 76 64 122
on 76 120 50
off 76 64 94
on 77 120 0
off 77 64 92
on 69 120 4
off 69 64 4
on 72 120 52
off 72 64 52
on 74 120 54
off 74 64 46
on 72 120 2
off 72 64 46
on 71 120 2
off 71 64 46
on 72 120 0
off 72 64 44
on 74 120 4
off 74 64 76
on 71 120 4
off 71 64 6
on 72 120 6
off 72 64 46
on 79 120 0
off 79 64 44
on 67 120 6
off 67 64 46
on 79 120 2
off 79 64 46
on 69 120 2
off 69 64 46
on 79 120 0
off 79 64 44
on 71 120 4
off 71 64 44
on 79 120 6
off 79 64 46
on 72 120 0
off 72 64 42
on 79 120 6
off 79 64 46
on 74 120 0
off 74 64 20
on 79 120 4
off 79 64 44
on 76 120 4
off 76 64 44
on 79 120 6
off 79 64 46
on 84 120 0
off 84 64 44
on 83 120 6
off 83 64 46
on 81 120 2
off 81 64 16
on 79 120 0
off 79 64 44
on 77 120 4
off 77 64 44
on 76 120 6
off 76 64 46
on 74 120 2
off 74 64 8
on 79 120 0
off 79 64 44
on 77 120 4
off 77 64 44
on 74 120 6
off 74 64 32
on 72 120 2
off 72 64 46
on 79 120 2
off 79 64 24
on 67 120 2
off 67 64 46
on 79 120 2
off 79 64 46
on 69 120 0
off 69 64 16
on 79 120 6
off 79 64 46
on 71 120 2
off 71 64 24
on 79 120 0
off 79 64 44
on 72 120 4
off 72 64 16
on 79 120 4
off 79 64 44
on 74 120 4
off 74 64 22
on 79 120 6
off 79 64 46
on 76 120 2
off 76 64 32
on 79 120 2
off 79 64 46
on 84 120 2
off 84 64 32
on 83 120 2
off 83 64 46
on 81 120 0
off 81 64 44
on 79 120 6
off 79 64 30
on 77 120 0
off 77 64 44
on 76 120 4
off 76 64 38
on 74 120 4
off 74 64 6
on 79 120 6
off 79 64 46
on 77 120 0
off 77 64 44
on 74 120 6
off 74 64 32
on 76 120 0
off 76 64 28
on 77 120 6
off 77 64 46
on 76 120 0
off 76 64 44
on 75 120 4
off 75 64 44
on 76 120 6
off 76 64 46
on 71 120 2
off 71 64 46
on 76 120 2
off 76 64 46
on 75 120 2
off 75 64 46
on 76 120 2
off 76 64 46
on 71 120 0
off 71 64 44
on 76 120 6
off 76 64 32
on 75 120 2
off 75 64 46
on 76 120 0
off 76 64 284
on 71 120 4
off 71 64 92
on 76 120 6
off 76 64 94
on 75 120 2
off 75 64 94
on 76 120 0
off 76 64 150
on 71 120 4
off 71 64 92
on 76 120 4
off 76 64 92
on 75 120 86
off 75 64 78
on 76 120 0
off 76 64 92
on 75 120 196
off 75 64 92
on 76 120 6
off 76 64 94
on 75 120 0
off 75 64 92
on 76 120 4
off 76 64 92
on 71 120 4
off 71 64 92
on 74 120 4
off 74 64 92
on 72 120 6
off 72 64 94
on 69 120 0
off 69 64 64
on 60 120 102
off 60 64 94
on 64 120 2
off 64 64 94
on 69 120 2
off 69 64 94
on 71 120 2
off 71 64 80
on 64 120 96
off 64 64 92
on 68 120 6
off 68 64 94
on 71 120 2
off 71 64 8
on 72 120 0
off 72 64 86
on 64 120 100
off 64 64 92
on 76 120 6
off 76 64 94
on 75 120 2
off 75 64 94
on 76 120 0
off 76 64 92
on 75 120 6
off 75 64 94
on 76 120 0
off 76 64 92
on 71 120 6
off 71 64 94
on 74 120 2
off 74 64 94
on 72 120 2
off 72 64 94
on 69 120 2
off 69 64 62
on 60 120 96
off 60 64 92
on 64 120 4
off 64 64 92
on 69 120 4
off 69 64 92
on 71 120 4
off 71 64 60
on 62 120 100
off 62 64 92
on 72 120 6
off 72 64 94
on 71 120 2
off 71 64 94
on 69 120 2
on 60 120 0
off 69 64 78
off 60 64 0
on 71 120 96
off 71 64 92
on 72 120 6
off 72 64 94
on 74 120 2
off 74 64 94
on 76 120 2
off 76 64 160
on 67 120 2
off 67 64 94
on 77 120 2
off 77 64 94
on 76 120 0
off 76 64 92
on 74 120 6
off 74 64 170
on 65 120 0
off 65 64 92
on 76 120 4
off 76 64 92
on 74 120 6
off 74 64 94
on 72 120 2
off 72 64 174
on 64 120 0
off 64 64 92
on 74 120 6
off 74 64 94
on 72 120 0
off 72 64 92
on 71 120 4
off 71 64 92
on 64 120 186
off 64 64 94
on 76 120 0
off 76 64 92
on 76 120 198
off 76 64 94
on 88 120 0
off 88 64 92
on 75 120 14
off 75 64 92
on 76 120 6
off 76 64 94
on 75 120 194
off 75 64 94
on 76 120 2
off 76 64 94
on 75 120 0
off 75 64 92
on 76 120 4
off 76 64 92
on 75 120 4
off 75 64 92
on 76 120 6
off 76 64 94
on 71 120 0
off 71 64 92
on 74 120 4
off 74 64 92
on 72 120 4
off 72 64 92
on 69 120 6
off 69 64 160
on 60 120 0
off 60 64 92
on 64 120 4
off 64 64 92
on 69 120 4
off 69 64 92
on 71 120 6
off 71 64 72
on 64 120 96
off 64 64 92
on 68 120 6
off 68 64 94
on 71 120 2
off 71 64 94
on 72 120 2
off 72 64 58
on 64 120 98
off 64 64 94
on 76 120 2
off 76 64 94
on 75 120 0
off 75 64 92
on 76 120 6
off 76 64 94
on 75 120 2
off 75 64 94
on 76 120 0
off 76 64 92
on 71 120 6
off 71 64 94
on 74 120 2
off 74 64 94
on 72 120 2
off 72 64 94
on 69 120 2
off 69 64 126
on 60 120 0
off 60 64 92
on 64 120 4
off 64 64 92
on 69 120 6
off 69 64 94
on 71 120 0
off 71 64 32
on 62 120 102
on 72 120 94
off 72 64 92
on 71 120 4
off 71 64 92
off 62 64 4
on 69 120 0
on 60 120 2
off 69 64 54
off 60 64 4
on 70 120 384
on 64 120 0
on 73 120 2
on 67 120 0
off 64 64 352
off 70 64 0
off 67 64 4
off 73 64 0
on 74 120 96
on 65 120 2
on 69 120 0
off 74 64 176
off 65 64 4
off 69 64 0
on 73 120 96
on 76 120 2
off 73 64 90
off 76 64 4
on 77 120 0
on 74 120 2
off 77 64 90
off 74 64 4
on 68 120 0
on 74 120 2
on 77 120 0
off 68 64 172
off 74 64 4
off 77 64 0
on 68 120 96
on 74 120 2
on 77 120 0
off 68 64 90
off 74 64 4
off 77 64 0
on 72 120 96
on 76 120 2
on 69 120 0
off 72 64 388
off 69 64 4
off 76 64 0
on 74 120 8
on 65 120 2
off 74 64 188
off 65 64 4
on 72 120 98
on 64 120 0
off 72 64 94
off 64 64 0
on 71 120 2
on 62 120 0
off 71 64 94
off 62 64 0
on 60 120 0
on 69 120 0
on 66 120 0
off 66 64 170
off 60 64 96
off 69 64 0
on 69 120 4
on 60 120 2
off 69 64 90
off 60 64 4
on 60 120 96
on 69 120 2
off 60 64 90
off 69 64 4
on 72 120 94
on 64 120 2
off 72 64 90
off 64 64 4
on 62 120 96
on 71 120 2
off 62 64 90
off 71 64 4
on 60 120 14
on 69 120 0
off 60 64 284
off 69 64 0
on 64 120 196
on 67 120 0
on 73 120 0
on 70 120 2
off 64 64 348
off 67 64 0
off 73 64 0
off 70 64 4
on 69 120 96
on 74 120 2
on 65 120 0
off 69 64 170
off 74 64 4
off 65 64 0
on 76 120 96
on 73 120 2
off 76 64 90
off 73 64 4
on 77 120 0
on 74 120 2
off 77 64 90
off 74 64 4
on 77 120 0
on 74 120 2
off 77 64 156
off 74 64 4
on 77 120 98
on 74 120 0
off 77 64 94
off 74 64 0
on 77 120 96
on 74 120 2
off 77 64 340
off 74 64 4
on 67 120 96
on 75 120 2
off 67 64 166
off 75 64 4
on 65 120 96
on 74 120 2
off 65 64 90
off 74 64 4
on 72 120 0
on 63 120 0
off 72 64 92
off 63 64 0
on 70 120 4
on 65 120 2
on 62 120 0
off 70 64 268
off 62 64 4
off 65 64 0
on 69 120 0
on 65 120 0
on 62 120 2
off 69 64 90
off 65 64 96
off 62 64 4
on 68 120 2
on 65 120 0
on 62 120 0
off 68 64 144
off 65 64 0
off 62 64 0
on 62 120 96
on 65 120 0
on 68 120 2
off 62 64 90
off 65 64 0
off 68 64 4
on 69 120 96
on 60 120 0
on 64 120 2
off 69 64 188
off 60 64 0
off 64 64 4
on 64 120 288
on 71 120 0
off 64 64 48
off 71 64 0
on 57 120 388
off 57 64 52
on 60 120 6
off 60 64 62
on 64 120 2
off 64 64 62
on 69 120 2
off 69 64 62
on 72 120 2
off 72 64 62
on 76 120 0
off 76 64 60
on 74 120 6
off 74 64 62
on 72 120 0
off 72 64 60
on 71 120 6
off 71 64 62
on 69 120 2
off 69 64 62
on 72 120 2
off 72 64 62
on 76 120 2
off 76 64 62
on 81 120 2
off 81 64 62
on 84 120 0
off 84 64 60
on 88 120 4
off 88 64 60
on 86 120 4
off 86 64 60
on 84 120 4
off 84 64 60
on 83 120 4
off 83 64 60
on 81 120 6
off 81 64 62
on 84 120 0
off 84 64 60
on 88 120 6
off 88 64 62
on 93 120 0
off 93 64 60
on 96 120 6
off 96 64 62
on 100 120 2
off 100 64 62
on 98 120 2
off 98 64 62
on 96 120 2
off 96 64 20
on 95 120 2
off 95 64 62
on 94 120 2
off 94 64 40
on 93 120 2
off 93 64 20
on 92 120 2
off 92 64 62
on 91 120 2
off 91 64 62
on 90 120 2
off 90 64 62
on 89 120 2
off 89 64 62
on 88 120 0
off 88 64 60
on 87 120 6
off 87 64 62
on 86 120 0
off 86 64 60
on 85 120 4
off 85 64 60
on 84 120 6
off 84 64 62
on 83 120 2
off 83 64 62
on 82 120 0
off 82 64 60
on 81 120 6
off 81 64 62
on 80 120 0
off 80 64 60
on 79 120 4
off 79 64 60
on 78 120 6
off 78 64 62
on 77 120 2
off 77 64 62
on 76 120 0
off 76 64 92
on 75 120 4
off 75 64 92
on 76 120 6
off 76 64 94
on 71 120 0
off 71 64 92
on 74 120 6
off 74 64 94
on 72 120 0
off 72 64 92
on 69 120 6
off 69 64 56
on 60 120 98
off 60 64 94
on 64 120 2
off 64 64 94
on 69 120 0
off 69 64 92
on 71 120 4
off 71 64 20
on 64 120 102
off 64 64 94
on 68 120 2
off 68 64 94
on 71 120 0
off 71 64 92
on 72 120 6
off 72 64 42
on 64 120 96
off 64 64 92
on 76 120 4
off 76 64 92
on 75 120 6
off 75 64 94
on 76 120 0
off 76 64 92
on 75 120 4
off 75 64 92
on 76 120 6
off 76 64 94
on 71 120 0
off 71 64 92
on 74 120 4
off 74 64 92
on 72 120 4
off 72 64 92
on 69 120 4
off 69 64 10
on 60 120 100
off 60 64 92
on 64 120 4
off 64 64 92
on 69 120 4
off 69 64 92
on 71 120 6
off 71 64 32
on 62 120 98
off 62 64 94
on 72 120 2
off 72 64 94
on 71 120 2
off 71 64 94
on 60 120 0
on 69 120 2
off 60 64 54
off 69 64 4
on 71 120 96
off 71 64 92
on 72 120 6
off 72 64 94
on 74 120 0
off 74 64 92
on 76 120 4
off 76 64 138
on 67 120 6
off 67 64 94
on 77 120 2
off 77 64 94
on 76 120 2
off 76 64 94
on 74 120 0
off 74 64 156
on 65 120 6
off 65 64 94
on 76 120 2
off 76 64 94
on 74 120 2
off 74 64 94
on 72 120 2
off 72 64 84
on 64 120 2
off 64 64 94
on 74 120 0
off 74 64 92
on 72 120 4
off 72 64 92
on 71 120 4
off 71 64 90
on 64 120 174
off 64 64 92
on 76 120 4
off 76 64 92
on 76 120 198
off 76 64 94
on 88 120 2
off 88 64 94
on 75 120 192
off 75 64 92
on 76 120 4
off 76 64 92
on 75 120 196
off 75 64 92
on 76 120 6
off 76 64 94
on 75 120 2
off 75 64 94
on 76 120 0
off 76 64 92
on 75 120 4
off 75 64 92
on 76 120 4
off 76 64 92
on 71 120 4
off 71 64 92
on 74 120 4
off 74 64 92
on 72 120 6
off 72 64 94
on 69 120 2
off 69 64 148
on 60 120 2
off 60 64 94
on 64 120 0
off 64 64 92
on 69 120 4
off 69 64 92
on 71 120 4
off 71 64 134
on 64 120 6
off 64 64 94
on 68 120 0
off 68 64 92
on 71 120 6
off 71 64 94
on 72 120 0
off 72 64 52
on 64 120 102
off 64 64 94
on 76 120 0
off 76 64 92
on 75 120 4
off 75 64 92
on 76 120 4
off 76 64 92
on 75 120 6
off 75 64 94
on 76 120 0
off 76 64 92
on 71 120 4
off 71 64 92
on 74 120 6
off 74 64 94
on 72 120 0
off 72 64 92
on 69 120 6
off 69 64 72
on 60 120 96
off 60 64 92
on 64 120 6
off 64 64 94
on 69 120 2
off 69 64 94
on 71 120 2
off 71 64 32
on 62 120 98
on 72 120 96
off 72 64 94
on 71 120 0
off 71 64 16
off 62 64 4
on 60 120 0
on 69 120 2
off 60 64 336
off 69 64 4
