on 45 37 1440
off 45 0 84
on 52 33 0
off 52 0 120
on 57 33 0
off 57 0 120
on 40 40 360
off 40 0 63
on 52 33 0
off 52 0 120
on 56 34 0
off 56 0 120
on 45 38 360
off 45 0 69
on 52 35 0
off 52 0 120
on 57 35 0
off 57 0 120
on 45 36 1046
off 45 0 70
on 52 35 0
off 52 0 120
on 57 34 0
off 57 0 120
on 40 38 360
off 40 0 51
on 52 35 0
off 52 0 120
on 56 36 0
off 56 0 120
on 45 38 360
off 45 0 64
on 52 32 0
off 52 0 120
on 57 32 0
off 57 0 120
on 45 37 1057
off 45 0 77
on 52 33 0
off 52 0 120
on 57 33 0
off 57 0 120
on 40 40 360
off 40 0 63
on 52 33 0
off 52 0 120
on 56 34 0
off 56 0 120
on 45 38 360
off 45 0 69
on 52 35 0
off 52 0 120
on 57 35 0
off 57 0 120
on 45 38 1046
off 45 0 56
on 52 35 0
off 52 0 120
on 57 34 0
off 57 0 120
on 40 38 360
off 40 0 51
on 52 37 0
off 52 0 120
on 56 37 0
off 56 0 120
on 45 38 360
off 45 0 64
on 52 32 0
off 52 0 120
on 57 32 0
off 57 0 78
on 48 44 360
off 48 0 51
on 55 38 0
off 55 0 120
on 60 39 0
off 60 0 120
on 43 44 360
off 43 0 51
on 55 38 0
off 55 0 120
on 59 39 0
off 59 0 120
on 45 44 360
off 45 0 51
on 52 38 0
off 52 0 120
on 57 39 0
off 57 0 120
on 40 44 360
off 40 0 51
on 52 38 0
off 52 0 120
on 64 39 0
off 64 0 90
on 64 39 270
off 64 0 120
on 76 44 0
off 76 0 90
on 75 42 42
off 75 0 120
on 76 50 0
off 76 0 90
on 75 39 270
off 75 0 120
on 76 41 0
off 76 0 90
on 45 36 1110
off 45 0 70
on 52 33 0
off 52 0 120
on 57 33 0
off 57 0 120
on 40 40 360
off 40 0 63
on 52 33 0
off 52 0 120
on 56 34 0
off 56 0 120
on 45 38 360
off 45 0 69
on 52 35 0
off 52 0 120
on 57 35 0
off 57 0 120
on 45 38 1046
off 45 0 63
on 52 35 0
off 52 0 120
on 57 34 0
off 57 0 120
on 40 38 360
off 40 0 51
on 52 37 0
off 52 0 120
on 56 37 0
off 56 0 120
on 45 38 360
off 45 0 64
on 52 32 0
off 52 0 120
on 57 32 0
off 57 0 120
on 48 44 337
off 48 0 51
on 55 38 0
off 55 0 120
on 60 39 0
off 60 0 120
on 43 44 360
off 43 0 51
on 55 38 0
off 55 0 120
on 59 39 0
off 59 0 120
on 45 44 360
off 45 0 51
on 52 38 0
off 52 0 120
on 57 39 0
off 57 0 120
on 40 44 360
off 40 0 51
on 52 38 0
off 52 0 120
on 64 39 0
off 64 0 90
on 64 39 270
off 64 0 120
on 76 44 0
off 76 0 90
on 75 42 42
off 75 0 120
on 76 50 0
off 76 0 90
on 75 39 270
off 75 0 120
on 76 41 0
off 76 0 90
on 45 34 1110
off 45 0 70
on 52 32 0
off 52 0 120
on 57 32 0
off 57 0 120
on 40 38 360
off 40 0 63
on 52 33 0
off 52 0 120
on 56 34 0
off 56 0 120
on 45 38 360
off 45 0 69
on 52 35 0
off 52 0 120
on 57 35 0
off 57 0 120
on 45 38 1046
off 45 0 63
on 52 35 0
off 52 0 120
on 57 34 0
off 57 0 120
on 40 38 360
off 40 0 51
on 52 37 0
off 52 0 120
on 56 37 0
off 56 0 120
on 45 38 360
off 45 0 64
on 52 32 0
off 52 0 120
on 57 32 0
off 57 0 120
on 58 34 0
on 60 34 0
off 60 0 90
off 58 0 0
on 57 34 30
on 60 34 0
off 60 0 90
off 57 0 0
on 55 34 30
on 58 34 0
on 60 34 0
off 60 0 60
off 58 0 0
off 55 0 0
on 53 44 22
off 53 0 120
on 57 38 0
off 57 0 120
on 60 36 0
off 60 0 120
on 57 37 0
off 57 0 120
on 60 37 0
off 60 0 120
on 57 37 0
off 57 0 120
on 53 44 0
off 53 0 42
on 58 38 0
off 58 0 120
on 62 37 0
off 62 0 120
on 58 37 0
off 58 0 120
on 62 37 0
off 62 0 120
on 58 38 0
off 58 0 120
on 53 44 0
off 53 0 70
on 64 37 0
off 64 0 120
on 53 36 0
on 58 36 0
on 55 36 0
off 55 0 120
off 58 0 0
off 53 0 0
on 64 36 0
off 64 0 120
on 53 36 0
on 55 36 0
on 58 36 0
off 58 0 120
off 55 0 0
off 53 0 0
on 64 36 0
off 64 0 120
on 53 44 0
off 53 0 49
on 57 36 0
off 57 0 120
on 60 36 0
off 60 0 120
on 57 36 0
off 57 0 120
on 60 36 0
off 60 0 120
on 57 36 0
off 57 0 120
on 53 42 0
off 53 0 46
on 57 34 0
off 57 0 120
on 60 35 0
off 60 0 120
on 57 36 0
off 57 0 120
on 60 38 0
off 60 0 120
on 57 39 0
off 57 0 120
on 52 49 0
off 52 0 42
on 57 38 0
off 57 0 120
on 60 38 0
off 60 0 120
on 57 38 0
off 57 0 120
on 50 38 0
on 62 38 0
off 62 0 49
off 50 0 0
on 53 38 0
off 53 0 120
on 55 47 0
off 55 0 42
on 64 38 0
off 64 0 120
on 55 40 0
off 55 0 120
on 64 38 0
off 64 0 120
on 55 41 0
off 55 0 71
on 65 38 0
off 65 0 120
on 60 45 0
on 64 45 0
off 64 0 208
off 60 0 0
on 65 40 11
on 67 40 0
off 67 0 90
off 65 0 0
on 64 43 30
on 67 43 0
off 67 0 90
off 64 0 0
on 62 46 30
on 65 46 0
on 67 46 0
off 67 0 90
off 65 0 0
off 62 0 0
on 60 49 30
on 64 49 0
on 67 49 0
off 67 0 240
off 64 0 0
off 60 0 0
on 53 42 0
on 57 42 0
off 57 0 240
off 53 0 0
on 55 42 0
on 59 42 0
off 59 0 240
off 55 0 0
on 60 45 0
off 60 0 208
on 65 40 11
on 67 40 0
off 67 0 90
off 65 0 0
on 64 43 30
on 67 43 0
off 67 0 90
off 64 0 0
on 62 46 30
on 65 46 0
on 67 46 0
off 67 0 90
off 65 0 0
off 62 0 0
on 60 49 30
on 64 49 0
on 67 49 0
off 67 0 240
off 64 0 0
off 60 0 0
on 53 42 0
on 57 42 0
off 57 0 240
off 53 0 0
on 55 42 0
on 59 42 0
off 59 0 240
off 55 0 0
on 59 42 0
on 56 42 0
off 56 0 240
off 59 0 0
on 75 42 1800
off 75 0 120
on 76 48 0
off 76 0 90
on 75 35 270
off 75 0 120
on 76 37 0
off 76 0 90
on 45 35 870
off 45 0 56
on 52 31 0
off 52 0 120
on 57 31 0
off 57 0 120
on 40 40 360
off 40 0 63
on 52 33 0
off 52 0 120
on 56 34 0
off 56 0 120
on 45 38 360
off 45 0 69
on 52 35 0
off 52 0 120
on 57 35 0
off 57 0 120
on 45 38 1046
off 45 0 63
on 52 35 0
off 52 0 120
on 57 34 0
off 57 0 120
on 40 38 360
off 40 0 51
on 52 37 0
off 52 0 120
on 56 37 0
off 56 0 120
on 45 38 360
off 45 0 64
on 52 32 0
off 52 0 120
on 57 32 0
off 57 0 78
on 48 44 360
off 48 0 51
on 55 38 0
off 55 0 120
on 60 39 0
off 60 0 120
on 43 44 360
off 43 0 51
on 55 38 0
off 55 0 120
on 59 39 0
off 59 0 120
on 45 44 360
off 45 0 51
on 52 38 0
off 52 0 120
on 57 39 0
off 57 0 120
on 40 44 360
off 40 0 51
on 52 38 0
off 52 0 120
on 64 39 0
off 64 0 90
on 64 39 270
off 64 0 120
on 76 44 0
off 76 0 90
on 75 42 42
off 75 0 120
on 76 50 0
off 76 0 90
on 75 39 270
off 75 0 120
on 76 41 0
off 76 0 90
on 45 35 1110
off 45 0 56
on 52 33 0
off 52 0 120
on 57 33 0
off 57 0 120
on 40 37 360
off 40 0 63
on 52 33 0
off 52 0 120
on 56 34 0
off 56 0 120
on 45 38 360
off 45 0 69
on 52 33 0
off 52 0 120
on 57 33 0
off 57 0 120
on 45 36 1046
off 45 0 63
on 52 35 0
off 52 0 120
on 57 34 0
off 57 0 120
on 40 38 360
off 40 0 51
on 52 37 0
off 52 0 120
on 56 37 0
off 56 0 120
on 45 38 360
off 45 0 72
on 45 35 30
off 45 0 90
on 45 38 30
off 45 0 90
on 45 34 30
off 45 0 90
on 45 38 30
off 45 0 90
on 45 35 30
off 45 0 90
on 45 44 30
off 45 0 90
on 45 38 30
off 45 0 90
on 45 45 30
off 45 0 90
on 45 39 30
off 45 0 90
on 45 46 30
off 45 0 90
on 45 40 30
off 45 0 90
on 45 47 30
off 45 0 90
on 45 42 30
off 45 0 90
on 45 48 30
off 45 0 90
on 45 43 30
off 45 0 90
on 45 50 30
off 45 0 90
on 45 47 30
off 45 0 90
on 45 53 30
off 45 0 90
on 45 48 30
off 45 0 90
on 45 53 30
off 45 0 90
on 45 50 30
off 45 0 90
on 45 54 30
off 45 0 90
on 45 50 30
off 45 0 90
on 45 55 30
off 45 0 90
on 45 49 30
off 45 0 90
on 45 55 30
off 45 0 90
on 45 51 30
off 45 0 90
on 45 55 30
off 45 0 90
on 45 52 30
off 45 0 90
on 38 50 30
on 45 60 0
off 45 0 90
off 38 0 0
on 38 46 30
on 45 55 0
off 45 0 90
off 38 0 0
on 38 49 30
on 45 58 0
off 45 0 90
off 38 0 0
on 38 46 30
on 45 55 0
off 45 0 90
off 38 0 0
on 38 48 30
on 45 57 0
off 45 0 90
off 38 0 0
on 38 44 30
on 45 52 0
off 45 0 90
off 38 0 0
on 39 46 30
on 45 55 0
off 45 0 90
off 39 0 0
on 39 42 30
on 45 50 0
off 45 0 90
off 39 0 0
on 39 45 30
on 45 53 0
off 45 0 90
off 39 0 0
on 39 41 30
on 45 49 0
off 45 0 90
off 39 0 0
on 39 42 30
on 45 51 0
off 45 0 90
off 39 0 0
on 39 42 30
on 45 50 0
off 45 0 90
off 39 0 0
on 40 47 30
on 45 56 0
off 45 0 90
off 40 0 0
on 40 41 30
on 45 49 0
off 45 0 90
off 40 0 0
on 40 44 30
on 45 52 0
off 45 0 90
off 40 0 0
on 40 41 30
on 45 49 0
off 45 0 90
off 40 0 0
on 44 50 30
on 40 42 0
off 40 0 90
off 44 0 0
on 44 50 30
on 40 42 0
off 40 0 90
off 44 0 0
on 33 42 30
on 45 50 0
off 45 0 90
off 33 0 0
on 45 42 30
off 45 0 90
on 45 45 30
off 45 0 90
on 45 42 30
off 45 0 90
on 45 44 30
off 45 0 90
on 45 42 30
off 45 0 90
on 45 44 30
off 45 0 90
on 45 38 30
off 45 0 90
on 45 45 30
off 45 0 90
on 45 39 30
off 45 0 90
on 45 46 30
off 45 0 90
on 45 40 30
off 45 0 90
on 45 47 30
off 45 0 90
on 45 42 30
off 45 0 90
on 45 48 30
off 45 0 90
on 45 43 30
off 45 0 90
on 45 50 30
off 45 0 90
on 45 47 30
off 45 0 90
on 45 53 30
off 45 0 90
on 45 48 30
off 45 0 90
on 45 53 30
off 45 0 90
on 45 50 30
off 45 0 90
on 45 54 30
off 45 0 90
on 45 50 30
off 45 0 90
on 46 55 30
off 46 0 90
on 46 49 30
off 46 0 90
on 46 55 30
off 46 0 90
on 46 51 30
off 46 0 90
on 46 55 30
off 46 0 90
on 46 52 30
off 46 0 90
on 46 60 30
off 46 0 90
on 46 55 30
off 46 0 90
on 46 58 30
off 46 0 90
on 46 55 30
off 46 0 90
on 46 57 30
off 46 0 90
on 46 52 30
off 46 0 90
on 46 55 30
off 46 0 90
on 46 50 30
off 46 0 90
on 46 53 30
off 46 0 90
on 46 49 30
off 46 0 90
on 46 51 30
off 46 0 90
on 46 50 30
off 46 0 90
on 47 56 30
off 47 0 90
on 47 49 30
off 47 0 90
on 47 52 30
off 47 0 90
on 47 49 30
off 47 0 90
on 47 50 30
off 47 0 90
on 47 50 30
off 47 0 90
on 48 55 30
off 48 0 480
on 52 39 240
on 56 44 0
off 56 0 240
off 52 0 0
on 33 35 480
off 33 0 208
on 64 32 240
on 60 27 0
on 57 27 0
off 57 0 240
off 60 0 0
off 64 0 0
on 64 33 0
on 60 28 0
on 57 28 0
off 57 0 240
off 60 0 0
off 64 0 0
on 64 32 240
on 60 27 0
on 57 27 0
off 57 0 240
off 60 0 0
off 64 0 0
on 64 34 0
on 60 28 0
on 57 28 0
off 57 0 240
off 60 0 0
off 64 0 0
on 64 32 240
on 60 27 0
on 57 27 0
off 57 0 240
off 60 0 0
off 64 0 0
on 64 33 0
on 60 28 0
on 57 28 0
off 57 0 240
off 60 0 0
off 64 0 0
on 45 37 720
off 45 0 77
on 52 33 0
off 52 0 120
on 57 33 0
off 57 0 120
on 40 40 360
off 40 0 63
on 52 33 0
off 52 0 120
on 56 34 0
off 56 0 120
on 45 38 360
off 45 0 69
on 52 35 0
off 52 0 120
on 57 35 0
off 57 0 120
on 45 38 1046
off 45 0 63
on 52 35 0
off 52 0 120
on 57 34 0
off 57 0 120
on 40 38 360
off 40 0 51
on 52 37 0
off 52 0 120
on 56 37 0
off 56 0 120
on 45 38 360
off 45 0 64
on 52 32 0
off 52 0 120
on 57 32 0
off 57 0 78
on 48 44 360
off 48 0 51
on 55 38 0
off 55 0 120
on 60 39 0
off 60 0 120
on 43 44 360
off 43 0 51
on 55 38 0
off 55 0 120
on 59 39 0
off 59 0 120
on 45 44 360
off 45 0 51
on 52 38 0
off 52 0 120
on 57 39 0
off 57 0 120
on 40 44 360
off 40 0 51
on 52 38 0
off 52 0 120
on 64 39 0
off 64 0 90
on 64 39 270
off 64 0 120
on 76 44 0
off 76 0 90
on 75 42 42
off 75 0 120
on 76 50 0
off 76 0 90
on 75 39 270
off 75 0 120
on 76 41 0
off 76 0 90
on 45 36 1110
off 45 0 49
on 52 33 0
off 52 0 120
on 57 33 0
off 57 0 120
on 40 40 360
off 40 0 63
on 52 33 0
off 52 0 120
on 56 34 0
off 56 0 120
on 45 38 360
off 45 0 69
on 52 35 0
off 52 0 120
on 57 35 0
off 57 0 120
on 45 38 1046
off 45 0 70
on 52 35 0
off 52 0 120
on 57 34 0
off 57 0 120
on 40 38 360
off 40 0 51
on 52 37 0
off 52 0 120
on 56 37 0
off 56 0 120
on 33 17 360
on 45 25 0
off 45 0 147
off 33 0 0
