on 67 80 84
on 72 80 21
off 67 0 342
off 72 0 0
on 65 80 1459
off 65 0 683
on 67 80 37
off 67 0 683
on 67 80 517
off 67 0 455
on 64 80 265
off 64 0 683
on 65 80 517
off 65 0 683
on 62 80 37
off 62 0 1139
on 64 80 541
on 67 80 0
off 64 0 227
off 67 0 0
on 60 80 733
on 64 80 0
off 60 0 227
off 64 0 0
on 57 80 733
on 60 80 0
off 57 0 227
off 60 0 0
on 59 80 733
on 62 80 0
off 59 0 455
off 62 0 0
on 91 80 745
off 91 0 113
on 93 80 7
off 93 0 113
on 91 80 7
off 91 0 227
on 91 80 13
off 91 0 113
on 93 80 7
off 93 0 113
on 91 80 7
off 91 0 227
on 96 80 13
off 96 0 227
on 96 80 493
off 96 0 227
on 93 80 13
off 93 0 113
on 95 80 7
off 95 0 227
on 91 80 13
off 91 0 113
on 93 80 7
off 93 0 227
on 95 80 13
off 95 0 227
on 91 80 13
off 91 0 227
on 64 80 493
on 67 80 0
off 64 0 227
off 67 0 0
on 60 80 733
on 64 80 0
off 60 0 227
off 64 0 0
on 57 80 733
on 60 80 0
off 57 0 227
off 60 0 0
on 59 80 733
on 62 80 0
off 59 0 455
off 62 0 0
on 91 80 745
off 91 0 113
on 93 80 7
off 93 0 113
on 91 80 7
off 91 0 227
on 91 80 13
off 91 0 113
on 93 80 7
off 93 0 113
on 91 80 7
off 91 0 227
on 96 80 13
off 96 0 227
on 96 80 493
off 96 0 227
on 93 80 13
off 93 0 113
on 95 80 7
off 95 0 227
on 93 80 13
off 93 0 113
on 95 80 7
off 95 0 227
on 96 80 13
off 96 0 227
on 72 80 253
off 72 0 455
on 79 80 25
off 79 0 227
on 79 80 13
off 79 0 455
on 77 80 25
off 77 0 455
on 76 80 25
off 76 0 227
on 72 80 13
off 72 0 455
on 74 80 25
off 74 0 227
on 76 80 13
off 76 0 455
on 79 80 25
off 79 0 683
on 81 80 277
off 81 0 227
on 79 80 13
off 79 0 113
on 76 80 7
off 76 0 227
on 74 80 13
off 74 0 455
on 67 80 145
off 67 0 227
on 69 80 13
off 69 0 113
on 72 80 7
off 72 0 341
on 69 80 19
off 69 0 227
on 72 80 13
off 72 0 113
on 74 80 7
off 74 0 113
on 72 80 7
off 72 0 911
on 72 80 769
on 79 80 0
off 72 0 227
off 79 0 0
on 72 80 13
on 79 80 0
off 72 0 455
off 79 0 0
on 72 80 25
on 77 80 0
off 72 0 455
off 77 0 0
on 69 80 25
on 76 80 0
off 69 0 227
off 76 0 0
on 65 80 13
on 72 80 0
off 65 0 455
off 72 0 0
on 69 80 25
on 74 80 0
off 69 0 227
off 74 0 0
on 71 80 13
on 76 80 0
off 71 0 455
off 76 0 0
on 71 80 25
on 79 80 0
off 71 0 683
off 79 0 0
on 81 80 277
off 81 0 227
on 79 80 13
off 79 0 113
on 76 80 7
off 76 0 227
on 74 80 13
off 74 0 455
on 67 80 145
off 67 0 227
on 69 80 13
off 69 0 113
on 67 80 7
on 72 80 0
off 67 0 341
off 72 0 0
on 69 80 19
off 69 0 227
on 67 80 13
on 72 80 0
off 67 0 113
off 72 0 0
on 69 80 7
on 74 80 0
off 69 0 113
off 74 0 0
on 67 80 7
on 72 80 0
off 67 0 1139
off 72 0 0
on 93 80 301
off 93 0 227
on 91 80 13
off 91 0 113
on 88 80 7
off 88 0 227
on 86 80 13
off 86 0 455
on 79 80 145
on 81 80 240
off 81 0 113
on 84 80 7
off 79 0 23
off 84 0 1002
on 81 80 295
off 81 0 227
on 84 80 13
off 84 0 113
on 86 80 7
off 86 0 227
on 84 80 13
off 84 0 341
on 79 80 7939
off 79 0 227
on 79 80 13
off 79 0 227
on 79 80 13
off 79 0 683
on 79 80 37
off 79 0 113
on 77 80 7
off 77 0 113
on 76 80 7
off 76 0 227
on 76 80 13
off 76 0 113
on 77 80 7
off 77 0 113
on 79 80 7
off 79 0 227
on 76 80 13
off 76 0 227
on 74 80 13
off 74 0 455
on 72 80 25
off 72 0 227
on 74 80 13
off 74 0 227
on 76 80 13
off 76 0 227
on 72 80 13
off 72 0 227
on 67 80 13
off 67 0 227
on 91 80 13
off 91 0 113
on 93 80 7
off 93 0 113
on 91 80 7
off 91 0 227
on 91 80 13
off 91 0 113
on 93 80 7
off 93 0 113
on 91 80 7
off 91 0 227
on 96 80 13
off 96 0 227
on 96 80 493
off 96 0 227
on 93 80 13
off 93 0 113
on 95 80 7
off 95 0 227
on 91 80 13
off 91 0 113
on 93 80 7
off 93 0 227
on 95 80 13
off 95 0 227
on 91 80 13
off 91 0 227
on 79 80 493
off 79 0 227
on 81 80 13
off 81 0 227
on 79 80 13
off 79 0 683
on 76 80 37
off 76 0 113
on 77 80 7
off 77 0 113
on 79 80 7
off 79 0 227
on 77 80 13
off 77 0 113
on 76 80 7
off 76 0 113
on 74 80 7
off 74 0 227
on 69 80 13
off 69 0 227
on 67 80 13
off 67 0 455
on 65 80 25
off 65 0 227
on 69 80 13
off 69 0 227
on 67 80 13
off 67 0 227
on 76 80 13
off 76 0 227
on 72 80 13
off 72 0 227
on 91 80 13
off 91 0 113
on 93 80 7
off 93 0 113
on 91 80 7
off 91 0 227
on 91 80 13
off 91 0 113
on 93 80 7
off 93 0 113
on 91 80 7
off 91 0 227
on 96 80 13
off 96 0 227
on 96 80 493
off 96 0 227
on 93 80 13
off 93 0 113
on 95 80 7
off 95 0 227
on 93 80 13
off 93 0 113
on 95 80 7
off 95 0 227
on 96 80 13
off 96 0 227
on 67 80 140
on 72 80 32
on 79 80 321
off 79 0 113
on 79 80 7
off 67 0 105
off 72 0 0
off 79 0 236
on 79 80 19
off 79 0 455
on 77 80 25
off 77 0 455
on 76 80 25
off 76 0 227
on 72 80 13
off 72 0 227
on 73 80 13
off 73 0 113
on 74 80 7
off 74 0 341
on 76 80 19
off 76 0 53
on 77 80 1
off 77 0 175
on 78 80 251
off 78 0 53
on 79 80 1
off 79 0 175
on 81 80 731
off 81 0 227
on 79 80 13
off 79 0 113
on 76 80 7
off 76 0 227
on 74 80 13
off 74 0 455
on 67 80 145
off 67 0 227
on 69 80 13
off 69 0 113
on 72 80 7
off 72 0 341
on 69 80 19
off 69 0 227
on 72 80 13
off 72 0 113
on 74 80 7
off 74 0 113
on 72 80 7
off 72 0 911
on 67 80 176
on 72 80 32
on 79 80 321
off 79 0 113
on 79 80 7
off 67 0 105
off 72 0 0
off 79 0 236
on 79 80 19
off 79 0 455
on 77 80 25
off 77 0 455
on 76 80 25
off 76 0 227
on 72 80 13
off 72 0 227
on 73 80 13
off 73 0 113
on 74 80 7
off 74 0 341
on 76 80 19
off 76 0 53
on 77 80 1
off 77 0 175
on 78 80 251
off 78 0 53
on 79 80 1
off 79 0 175
on 81 80 731
off 81 0 227
on 79 80 13
off 79 0 113
on 76 80 7
off 76 0 227
on 74 80 13
off 74 0 455
on 67 80 145
off 67 0 227
on 69 80 13
off 69 0 113
on 72 80 7
off 72 0 341
on 69 80 19
off 69 0 227
on 72 80 13
off 72 0 113
on 74 80 7
off 74 0 113
on 72 80 7
off 72 0 1139
on 79 80 61
off 79 0 227
on 72 80 13
off 72 0 227
on 74 80 13
off 74 0 227
on 67 80 13
off 67 0 113
on 72 80 7
off 72 0 227
on 79 80 13
off 79 0 227
on 72 80 13
off 72 0 113
on 74 80 7
off 74 0 455
on 77 80 25
off 77 0 227
on 72 80 13
off 72 0 227
on 74 80 13
off 74 0 227
on 67 80 13
off 67 0 113
on 72 80 7
off 72 0 227
on 79 80 13
off 79 0 227
on 72 80 13
off 72 0 113
on 74 80 7
off 74 0 455
on 79 80 25
off 79 0 227
on 72 80 13
off 72 0 227
on 74 80 13
off 74 0 227
on 67 80 13
off 67 0 113
on 72 80 7
off 72 0 227
on 79 80 13
off 79 0 227
on 72 80 13
off 72 0 113
on 74 80 7
off 74 0 455
on 77 80 25
off 77 0 227
on 72 80 13
off 72 0 227
on 74 80 13
off 74 0 227
on 67 80 13
off 67 0 113
on 72 80 7
off 72 0 227
on 79 80 13
off 79 0 227
on 72 80 13
off 72 0 113
on 74 80 7
off 74 0 455
on 79 80 25
off 79 0 227
on 72 80 13
off 72 0 227
on 74 80 13
off 74 0 227
on 67 80 13
off 67 0 113
on 72 80 7
off 72 0 227
on 79 80 13
off 79 0 227
on 72 80 13
off 72 0 113
on 74 80 7
off 74 0 455
on 77 80 25
off 77 0 227
on 79 80 13
off 79 0 113
on 81 80 7
off 81 0 113
on 79 80 7
off 79 0 113
on 76 80 7
off 76 0 227
on 74 80 13
off 74 0 227
on 71 80 13
off 71 0 113
on 69 80 7
off 69 0 113
on 67 80 7
off 67 0 227
on 71 80 13
off 71 0 113
on 76 80 7
off 76 0 227
on 74 80 13
on 77 80 0
off 74 0 341
off 77 0 0
on 72 80 19
on 76 80 0
off 72 0 341
off 76 0 0
on 67 80 19
on 72 80 0
off 67 0 341
off 72 0 0
on 64 80 19
on 67 80 0
off 64 0 341
off 67 0 0
on 67 80 19
off 67 0 113
on 72 80 7
off 72 0 113
on 76 80 7
off 76 0 227
on 69 80 13
on 74 80 0
off 69 0 863
off 74 0 0
on 79 80 481
off 79 0 227
on 79 80 13
off 79 0 911
on 79 80 49
off 79 0 113
on 77 80 7
off 77 0 113
on 76 80 7
off 76 0 227
on 76 80 13
off 76 0 113
on 77 80 7
off 77 0 113
on 79 80 7
off 79 0 227
on 76 80 13
off 76 0 227
on 74 80 13
off 74 0 455
on 72 80 25
off 72 0 227
on 74 80 13
off 74 0 227
on 91 80 13
off 91 0 227
on 88 80 13
off 88 0 227
on 89 80 13
off 89 0 227
on 86 80 13
off 86 0 227
on 88 80 13
off 88 0 227
on 84 80 13
off 84 0 227
on 86 80 13
off 86 0 227
on 81 80 13
off 81 0 227
on 77 80 13
off 77 0 53
on 79 80 1
off 79 0 175
on 76 80 11
off 76 0 227
on 77 80 13
off 77 0 53
on 79 80 1
off 79 0 61
on 93 80 5
off 93 0 341
on 91 80 19
off 91 0 911
on 79 80 529
off 79 0 227
on 81 80 13
off 81 0 227
on 79 80 13
off 79 0 683
on 76 80 37
off 76 0 113
on 77 80 7
off 77 0 113
on 79 80 7
off 79 0 227
on 77 80 13
off 77 0 113
on 76 80 7
off 76 0 113
on 74 80 7
off 74 0 227
on 69 80 13
off 69 0 227
on 67 80 13
off 67 0 455
on 65 80 25
off 65 0 227
on 69 80 13
off 69 0 227
on 91 80 13
off 91 0 227
on 88 80 13
off 88 0 227
on 89 80 13
off 89 0 227
on 86 80 13
off 86 0 227
on 88 80 13
off 88 0 227
on 84 80 13
off 84 0 227
on 86 80 13
off 86 0 227
on 81 80 13
off 81 0 227
on 89 80 13
on 93 80 0
off 89 0 227
off 93 0 0
on 86 82 13
on 89 82 0
off 86 0 227
off 89 0 0
on 88 84 13
on 91 84 0
off 88 0 227
off 91 0 0
on 84 86 13
on 88 86 0
off 84 0 227
off 88 0 0
on 86 88 13
on 89 88 0
off 86 0 227
off 89 0 0
on 83 90 13
on 86 90 0
off 83 0 227
off 86 0 0
on 84 92 13
on 88 92 0
off 84 0 227
off 88 0 0
on 81 94 13
on 84 94 0
off 81 0 227
off 84 0 0
on 77 96 13
off 77 0 227
on 81 96 13
off 81 0 455
on 84 96 25
off 84 0 227
on 79 96 13
off 79 0 227
on 83 96 13
off 83 0 455
on 86 96 25
off 86 0 227
on 77 96 13
off 77 0 113
on 79 96 7
off 79 0 113
on 81 96 7
off 81 0 227
on 81 96 13
off 81 0 113
on 79 96 7
off 79 0 113
on 81 96 7
off 81 0 227
on 83 96 13
off 83 0 113
on 79 96 7
off 79 0 113
on 81 96 7
off 81 0 113
on 83 96 7
off 83 0 113
on 86 96 7
off 86 0 113
on 90 96 7
off 90 0 113
on 91 96 7
off 91 0 113
on 67 96 84
on 72 96 21
on 79 96 240
off 79 0 113
on 79 96 7
off 67 0 94
off 72 0 0
off 79 0 247
on 79 96 19
off 79 0 455
on 77 96 25
off 77 0 455
on 76 96 25
off 76 0 227
on 72 96 13
off 72 0 227
on 73 96 13
off 73 0 113
on 74 96 7
off 74 0 341
on 76 96 19
off 76 0 53
on 77 96 1
off 77 0 175
on 78 96 251
off 78 0 53
on 79 96 1
off 79 0 175
on 81 96 731
off 81 0 227
on 79 96 13
off 79 0 113
on 76 96 7
off 76 0 227
on 74 96 13
off 74 0 455
on 67 96 145
off 67 0 227
on 69 96 13
off 69 0 113
on 72 96 7
off 72 0 341
on 69 96 19
off 69 0 227
on 72 96 13
off 72 0 113
on 74 96 7
off 74 0 113
on 72 96 7
off 72 0 911
on 67 96 176
on 72 96 32
on 79 96 321
off 79 0 113
on 79 96 7
off 67 0 105
off 72 0 0
off 79 0 236
on 79 96 19
off 79 0 455
on 77 96 25
off 77 0 455
on 76 96 25
off 76 0 227
on 72 96 13
off 72 0 227
on 73 96 13
off 73 0 113
on 74 96 7
off 74 0 341
on 76 96 19
off 76 0 53
on 77 96 1
off 77 0 175
on 78 96 251
off 78 0 53
on 79 96 1
off 79 0 175
on 81 96 731
off 81 0 227
on 79 96 13
off 79 0 113
on 76 96 7
off 76 0 227
on 74 96 13
off 74 0 455
on 67 96 145
off 67 0 227
on 69 96 13
off 69 0 113
on 72 96 7
off 72 0 341
on 69 96 19
off 69 0 227
on 72 96 13
off 72 0 113
on 74 96 7
off 74 0 113
on 72 96 7
off 72 0 683
on 67 96 37
off 67 0 227
on 69 96 13
off 69 0 113
on 72 96 7
off 72 0 341
on 69 96 19
off 69 0 227
on 72 96 13
off 72 0 113
on 74 96 7
off 74 0 113
on 72 96 7
off 72 0 455
on 76 96 25
off 76 0 455
on 77 96 25
off 77 0 227
on 77 96 13
off 77 0 227
on 76 96 13
off 76 0 113
on 72 96 7
off 72 0 227
on 69 96 13
off 69 0 113
on 72 96 7
off 72 0 455
on 79 96 25
off 79 0 683
on 91 96 37
off 91 0 227
on 88 96 13
off 88 0 227
on 89 96 13
off 89 0 227
on 84 96 13
off 84 0 455
on 93 96 25
off 93 0 455
on 91 96 25
off 91 0 683
on 79 96 757
off 79 0 227
on 81 96 13
off 81 0 227
on 84 96 13
off 84 0 113
on 84 96 7
off 84 0 113
on 89 96 4327
off 89 0 53
on 91 96 1
off 91 0 175
on 91 96 11
off 91 0 227
on 91 96 13
off 91 0 683
on 91 96 37
off 91 0 113
on 89 96 7
off 89 0 113
on 88 96 7
off 88 0 227
on 89 96 13
off 89 0 113
on 91 96 7
off 91 0 113
on 93 96 7
off 93 0 227
on 95 96 13
off 95 0 227
on 91 96 0
off 91 0 215
on 95 96 25
off 95 0 227
on 91 96 0
off 91 0 113
on 64 96 310
on 67 96 63
off 64 0 1665
off 67 0 0
