on 55 80 0
on 57 80 9
on 60 80 9
on 64 80 9
off 55 0 434
off 57 0 0
off 60 0 0
off 64 0 0
on 55 80 19
off 55 0 227
on 57 80 13
off 57 0 227
on 60 80 13
off 60 0 455
on 55 80 25
off 55 0 227
on 57 80 13
off 57 0 227
on 57 80 13
on 60 80 0
off 57 0 683
off 60 0 0
on 59 80 37
on 62 80 0
off 59 0 683
off 62 0 0
on 55 80 37
off 55 0 113
on 57 80 7
off 57 0 113
on 55 80 7
off 55 0 227
on 60 80 13
on 64 80 0
off 60 0 455
off 64 0 0
on 55 80 25
off 55 0 227
on 57 80 13
on 60 80 0
off 57 0 683
off 60 0 0
on 55 80 37
off 55 0 227
on 57 80 13
off 57 0 227
on 57 80 13
on 60 80 0
off 57 0 683
off 60 0 0
on 55 80 37
on 59 80 0
off 55 0 1139
off 59 0 0
on 48 80 61
on 60 80 0
off 48 0 683
off 60 0 0
on 48 80 37
on 60 80 0
off 48 0 227
off 60 0 0
on 45 80 13
on 57 80 0
off 45 0 683
off 57 0 0
on 45 80 37
on 57 80 0
off 45 0 227
off 57 0 0
on 41 80 13
on 53 80 0
off 41 0 683
off 53 0 0
on 41 80 37
on 53 80 0
off 41 0 227
off 53 0 0
on 43 80 13
on 55 80 0
off 43 0 911
off 55 0 0
on 60 80 49
off 60 0 455
on 64 80 25
on 67 80 0
off 64 0 455
off 67 0 0
on 57 80 25
off 57 0 455
on 60 80 25
on 64 80 0
off 60 0 455
off 64 0 0
on 53 80 25
off 53 0 455
on 57 80 25
on 60 80 0
off 57 0 455
off 60 0 0
on 55 80 25
off 55 0 455
on 59 80 25
on 62 80 0
off 59 0 455
off 62 0 0
on 48 80 25
on 60 80 0
off 48 0 683
off 60 0 0
on 48 80 37
on 60 80 0
off 48 0 227
off 60 0 0
on 45 80 13
on 57 80 0
off 45 0 683
off 57 0 0
on 45 80 37
on 57 80 0
off 45 0 227
off 57 0 0
on 41 80 13
on 53 80 0
off 41 0 683
off 53 0 0
on 41 80 37
on 53 80 0
off 41 0 227
off 53 0 0
on 43 80 13
on 55 80 0
off 43 0 911
off 55 0 0
on 60 80 49
off 60 0 455
on 64 80 25
on 67 80 0
off 64 0 455
off 67 0 0
on 57 80 25
off 57 0 455
on 60 80 25
on 64 80 0
off 60 0 455
off 64 0 0
on 53 80 25
off 53 0 455
on 57 80 25
on 60 80 0
off 57 0 455
off 60 0 0
on 55 80 25
off 55 0 455
on 59 80 25
on 62 80 0
off 59 0 227
off 62 0 0
on 55 80 13
on 57 80 18
on 60 80 18
on 64 80 19
on 36 80 185
off 57 0 454
off 60 0 0
off 64 0 0
off 55 0 1
off 36 0 228
on 48 80 37
off 48 0 683
on 43 80 37
off 43 0 227
on 45 80 13
off 45 0 227
on 48 80 13
on 53 80 0
on 57 80 0
off 48 0 683
off 53 0 0
off 57 0 0
on 50 80 37
on 55 80 0
on 59 80 0
off 50 0 683
off 55 0 0
off 59 0 0
on 43 80 37
off 43 0 113
on 45 80 7
off 45 0 113
on 43 80 7
off 43 0 227
on 48 80 13
on 52 80 0
on 55 80 0
off 48 0 455
off 52 0 0
off 55 0 0
on 43 80 25
off 43 0 227
on 45 80 13
on 48 80 0
on 52 80 0
off 45 0 683
off 48 0 0
off 52 0 0
on 43 80 37
off 43 0 227
on 45 80 13
off 45 0 227
on 45 80 13
on 48 80 0
on 53 80 0
off 45 0 683
off 48 0 0
off 53 0 0
on 43 80 37
on 47 80 0
on 50 80 0
off 43 0 683
off 47 0 0
off 50 0 0
on 43 80 37
off 43 0 227
on 45 80 13
off 45 0 227
on 48 80 13
on 52 80 0
on 55 80 0
off 48 0 455
off 52 0 0
off 55 0 0
on 43 80 25
off 43 0 227
on 45 80 13
off 45 0 227
on 48 80 13
off 48 0 455
on 43 80 25
off 43 0 227
on 45 80 13
off 45 0 227
on 45 80 13
on 48 80 0
on 53 80 0
off 45 0 683
off 48 0 0
off 53 0 0
on 43 80 37
on 47 80 0
on 50 80 0
off 43 0 683
off 47 0 0
off 50 0 0
on 43 80 37
off 43 0 113
on 45 80 7
off 45 0 113
on 43 80 7
off 43 0 227
on 48 80 13
on 52 80 0
on 55 80 0
off 48 0 455
off 52 0 0
off 55 0 0
on 43 80 25
off 43 0 227
on 45 80 13
on 48 80 0
on 52 80 0
off 45 0 683
off 48 0 0
off 52 0 0
on 43 80 37
off 43 0 227
on 45 80 13
off 45 0 227
on 45 80 13
on 48 80 0
on 53 80 0
off 45 0 683
off 48 0 0
off 53 0 0
on 43 80 37
on 47 80 0
on 50 80 0
off 43 0 1139
off 47 0 0
off 50 0 0
on 72 80 61
on 79 80 0
off 79 0 1440
off 72 0 383
on 74 80 97
on 79 80 0
off 74 0 1823
off 79 0 0
on 48 80 97
off 48 0 227
on 55 80 13
off 55 0 113
on 60 80 7
off 60 0 227
on 62 80 13
off 62 0 113
on 60 80 7
off 60 0 227
on 45 80 13
off 45 0 227
on 57 80 13
off 57 0 113
on 60 80 7
off 60 0 227
on 62 80 13
off 62 0 113
on 60 80 7
off 60 0 227
on 41 80 13
off 41 0 227
on 53 80 13
off 53 0 113
on 57 80 7
off 57 0 227
on 60 80 13
off 60 0 113
on 57 80 7
off 57 0 227
on 43 80 13
off 43 0 227
on 55 80 13
off 55 0 113
on 57 80 7
off 57 0 227
on 59 80 13
off 59 0 113
on 55 80 7
off 55 0 227
on 48 80 13
off 48 0 227
on 55 80 13
off 55 0 113
on 60 80 7
off 60 0 227
on 62 80 13
off 62 0 113
on 60 80 7
off 60 0 227
on 45 80 13
off 45 0 227
on 57 80 13
off 57 0 113
on 60 80 7
off 60 0 227
on 62 80 13
off 62 0 113
on 60 80 7
off 60 0 227
on 41 80 13
off 41 0 227
on 53 80 13
off 53 0 113
on 57 80 7
off 57 0 227
on 60 80 13
off 60 0 113
on 57 80 7
off 57 0 227
on 43 80 13
off 43 0 227
on 55 80 13
off 55 0 113
on 57 80 7
off 57 0 227
on 59 80 13
off 59 0 113
on 55 80 7
off 55 0 227
on 60 80 13
off 60 0 455
on 64 80 25
on 67 80 0
off 64 0 455
off 67 0 0
on 57 80 25
off 57 0 455
on 60 80 25
on 64 80 0
off 60 0 455
off 64 0 0
on 53 80 25
off 53 0 455
on 57 80 25
on 60 80 0
off 57 0 455
off 60 0 0
on 55 80 25
off 55 0 455
on 59 80 25
on 62 80 0
off 59 0 455
off 62 0 0
on 60 80 25
off 60 0 455
on 64 80 25
off 64 0 455
on 57 80 25
off 57 0 455
on 60 80 25
on 64 80 0
off 60 0 455
off 64 0 0
on 53 80 25
off 53 0 455
on 57 80 25
on 60 80 0
off 57 0 455
off 60 0 0
on 55 80 25
off 55 0 455
on 59 80 25
on 62 80 0
off 59 0 455
off 62 0 0
on 60 80 25
off 60 0 455
on 64 80 25
on 67 80 0
off 64 0 455
off 67 0 0
on 57 80 25
off 57 0 455
on 60 80 25
on 64 80 0
off 60 0 455
off 64 0 0
on 53 80 25
off 53 0 455
on 57 80 25
on 60 80 0
off 57 0 455
off 60 0 0
on 55 80 25
off 55 0 455
on 59 80 25
on 62 80 0
off 59 0 455
off 62 0 0
on 60 80 25
off 60 0 455
on 64 80 25
on 67 80 0
off 64 0 455
off 67 0 0
on 57 80 25
off 57 0 455
on 60 80 25
on 64 80 0
off 60 0 455
off 64 0 0
on 53 80 25
off 53 0 455
on 57 80 25
on 60 80 0
off 57 0 455
off 60 0 0
on 55 80 25
off 55 0 455
on 59 80 25
on 62 80 0
off 59 0 227
off 62 0 0
on 55 80 13
on 57 80 18
on 60 80 18
on 64 80 19
off 57 0 639
off 60 0 0
off 64 0 0
off 55 0 1
on 55 80 25
off 55 0 227
on 57 80 13
off 57 0 227
on 60 80 13
off 60 0 455
on 55 80 25
off 55 0 227
on 57 80 13
off 57 0 227
on 57 80 13
on 60 80 0
on 65 80 0
off 57 0 683
off 60 0 0
off 65 0 0
on 59 80 37
on 62 80 0
on 67 80 0
off 59 0 1139
off 62 0 0
off 67 0 0
on 60 80 61
on 64 80 0
on 67 80 0
off 60 0 455
off 64 0 0
off 67 0 0
on 55 80 25
off 55 0 227
on 57 80 13
off 57 0 227
on 60 80 13
off 60 0 455
on 55 80 25
off 55 0 227
on 57 80 13
off 57 0 227
on 57 80 13
on 60 80 0
on 65 80 0
off 57 0 683
off 60 0 0
off 65 0 0
on 57 80 37
on 60 80 0
off 57 0 911
off 60 0 0
on 55 80 49
on 57 80 18
on 60 80 18
on 64 80 19
off 57 0 639
off 60 0 0
off 64 0 0
off 55 0 1
on 55 80 25
off 55 0 227
on 57 80 13
off 57 0 227
on 60 80 13
off 60 0 455
on 55 80 25
off 55 0 227
on 57 80 13
off 57 0 227
on 57 80 13
on 60 80 0
on 65 80 0
off 57 0 683
off 60 0 0
off 65 0 0
on 59 80 37
on 62 80 0
on 67 80 0
off 59 0 1139
off 62 0 0
off 67 0 0
on 60 80 61
on 64 80 0
on 67 80 0
off 60 0 455
off 64 0 0
off 67 0 0
on 55 80 25
off 55 0 227
on 57 80 13
off 57 0 227
on 60 80 13
off 60 0 455
on 55 80 25
off 55 0 227
on 57 80 13
off 57 0 227
on 57 80 13
on 60 80 0
on 65 80 0
off 57 0 683
off 60 0 0
off 65 0 0
on 57 80 37
on 60 80 0
off 57 0 1139
off 60 0 0
on 48 80 61
off 48 0 227
on 55 80 13
off 55 0 113
on 60 80 7
off 60 0 227
on 62 80 13
off 62 0 113
on 60 80 7
off 60 0 227
on 45 80 13
off 45 0 227
on 57 80 13
off 57 0 113
on 60 80 7
off 60 0 227
on 62 80 13
off 62 0 113
on 60 80 7
off 60 0 227
on 41 80 13
off 41 0 227
on 53 80 13
off 53 0 113
on 57 80 7
off 57 0 227
on 60 80 13
off 60 0 113
on 57 80 7
off 57 0 227
on 43 80 13
off 43 0 227
on 55 80 13
off 55 0 113
on 57 80 7
off 57 0 227
on 59 80 13
off 59 0 113
on 55 80 7
off 55 0 227
on 48 80 13
off 48 0 227
on 55 80 13
off 55 0 113
on 60 80 7
off 60 0 227
on 62 80 13
off 62 0 113
on 60 80 7
off 60 0 227
on 45 80 13
off 45 0 227
on 57 80 13
off 57 0 113
on 60 80 7
off 60 0 227
on 62 80 13
off 62 0 113
on 60 80 7
off 60 0 227
on 41 80 13
off 41 0 227
on 53 80 13
off 53 0 113
on 57 80 7
off 57 0 227
on 60 80 13
off 60 0 113
on 57 80 7
off 57 0 227
on 43 80 13
off 43 0 227
on 55 80 13
off 55 0 113
on 57 80 7
off 57 0 227
on 59 80 13
off 59 0 113
on 55 80 7
off 55 0 227
on 48 80 13
off 48 0 227
on 55 80 13
off 55 0 113
on 60 80 7
off 60 0 227
on 62 80 13
off 62 0 113
on 60 80 7
off 60 0 227
on 45 80 13
off 45 0 227
on 57 80 13
off 57 0 113
on 60 80 7
off 60 0 227
on 62 80 13
off 62 0 113
on 60 80 7
off 60 0 227
on 41 80 13
off 41 0 227
on 53 80 13
off 53 0 113
on 57 80 7
off 57 0 227
on 60 80 13
off 60 0 113
on 57 80 7
off 57 0 227
on 43 80 13
off 43 0 227
on 55 80 13
off 55 0 113
on 57 80 7
off 57 0 227
on 59 80 13
off 59 0 113
on 55 80 7
off 55 0 227
on 48 80 13
off 48 0 227
on 55 80 13
off 55 0 113
on 60 80 7
off 60 0 227
on 62 80 13
off 62 0 113
on 60 80 7
off 60 0 227
on 45 80 13
off 45 0 227
on 57 80 13
off 57 0 113
on 60 80 7
off 60 0 227
on 62 80 13
off 62 0 113
on 60 80 7
off 60 0 227
on 41 80 13
off 41 0 227
on 45 80 13
off 45 0 113
on 52 80 7
off 52 0 227
on 53 80 13
off 53 0 341
on 55 80 19
on 59 80 63
on 62 80 64
on 67 80 65
off 59 0 766
off 62 0 0
off 55 0 1
off 67 0 0
on 55 80 1
off 55 0 227
on 60 80 13
off 60 0 227
on 64 80 13
off 64 0 227
on 67 80 13
off 67 0 1139
on 57 80 61
off 57 0 227
on 60 80 13
off 60 0 227
on 65 80 13
off 65 0 227
on 64 80 13
off 64 0 455
on 64 80 25
off 64 0 227
on 67 80 13
off 67 0 455
on 60 80 25
on 76 80 0
off 76 0 227
on 72 80 13
off 72 0 227
on 67 80 13
off 60 0 431
off 67 0 24
on 57 80 25
off 57 0 911
on 53 80 49
off 53 0 911
on 55 80 49
off 55 0 911
on 55 80 49
off 55 0 227
on 60 80 13
off 60 0 227
on 64 80 13
off 64 0 227
on 67 80 13
off 67 0 911
on 57 80 289
off 57 0 227
on 60 80 13
off 60 0 227
on 65 80 13
off 65 0 227
on 64 80 13
off 64 0 455
on 64 80 25
off 64 0 227
on 62 80 13
off 62 0 455
on 60 80 25
on 67 80 0
off 67 0 227
on 76 80 13
off 76 0 227
on 72 80 13
off 60 0 431
off 72 0 24
on 57 80 25
off 57 0 1823
on 48 96 1057
on 53 96 0
on 57 96 0
off 48 0 911
off 53 0 0
off 57 0 0
on 50 96 49
on 55 96 0
on 59 96 0
off 50 0 911
off 55 0 0
off 59 0 0
on 48 96 49
on 53 96 0
on 57 96 0
off 48 0 911
off 53 0 0
off 57 0 0
on 50 96 49
on 55 96 0
on 59 96 0
off 50 0 683
off 55 0 0
off 59 0 0
on 55 96 157
on 57 96 21
on 60 96 21
on 64 96 21
off 57 0 511
off 60 0 0
off 64 0 0
off 55 0 1
on 55 96 25
off 55 0 227
on 57 96 13
off 57 0 227
on 60 96 13
off 60 0 455
on 55 96 25
off 55 0 227
on 57 96 13
off 57 0 227
on 57 96 13
on 60 96 0
on 65 96 0
off 57 0 683
off 60 0 0
off 65 0 0
on 59 96 37
on 62 96 0
on 67 96 0
off 59 0 1139
off 62 0 0
off 67 0 0
on 60 96 61
on 64 96 0
on 67 96 0
off 60 0 455
off 64 0 0
off 67 0 0
on 55 96 25
off 55 0 227
on 57 96 13
off 57 0 227
on 60 96 13
off 60 0 455
on 55 96 25
off 55 0 227
on 57 96 13
off 57 0 227
on 57 96 13
on 60 96 0
on 65 96 0
off 57 0 683
off 60 0 0
off 65 0 0
on 57 96 37
on 60 96 0
off 57 0 911
off 60 0 0
on 55 96 49
on 57 96 18
on 60 96 18
on 64 96 19
off 57 0 639
off 60 0 0
off 64 0 0
off 55 0 1
on 55 96 25
off 55 0 227
on 57 96 13
off 57 0 227
on 60 96 13
off 60 0 455
on 55 96 25
off 55 0 227
on 57 96 13
off 57 0 227
on 57 96 13
on 60 96 0
on 65 96 0
off 57 0 683
off 60 0 0
off 65 0 0
on 59 96 37
on 62 96 0
on 67 96 0
off 59 0 1139
off 62 0 0
off 67 0 0
on 60 96 61
on 64 96 0
on 67 96 0
off 60 0 455
off 64 0 0
off 67 0 0
on 55 96 25
off 55 0 227
on 57 96 13
off 57 0 227
on 60 96 13
off 60 0 455
on 55 96 25
off 55 0 227
on 57 96 13
off 57 0 227
on 57 96 13
on 60 96 0
on 65 96 0
off 57 0 683
off 60 0 0
off 65 0 0
on 57 96 37
on 60 96 0
off 57 0 1139
off 60 0 0
on 57 96 61
on 60 96 0
on 65 96 0
off 57 0 683
off 60 0 0
off 65 0 0
on 57 96 37
on 60 96 0
off 57 0 1139
off 60 0 0
on 57 96 61
on 60 96 0
on 65 96 0
off 57 0 683
off 60 0 0
off 65 0 0
on 59 96 37
on 62 96 0
on 67 96 0
off 59 0 1139
off 62 0 0
off 67 0 0
on 57 96 61
on 60 96 0
on 65 96 0
off 57 0 683
off 60 0 0
off 65 0 0
on 53 96 37
on 57 96 0
on 60 96 0
on 65 96 0
off 53 0 2051
off 57 0 0
off 60 0 0
off 65 0 0
on 57 96 109
on 60 96 0
on 65 96 0
off 57 0 683
off 60 0 0
off 65 0 0
on 55 96 37
on 60 96 0
on 64 96 0
off 55 0 227
off 60 0 0
off 64 0 0
on 48 96 13
off 48 0 227
on 55 96 13
off 55 0 113
on 60 96 7
off 60 0 227
on 62 96 13
off 62 0 113
on 60 96 7
off 60 0 227
on 45 96 13
off 45 0 227
on 57 96 13
off 57 0 113
on 60 96 7
off 60 0 227
on 62 96 13
off 62 0 113
on 60 96 7
off 60 0 227
on 41 96 13
off 41 0 227
on 53 96 13
off 53 0 113
on 57 96 7
off 57 0 227
on 60 96 13
off 60 0 113
on 57 96 7
off 57 0 227
on 43 96 13
off 43 0 227
on 55 96 13
off 55 0 113
on 57 96 7
off 57 0 227
on 59 96 13
off 59 0 113
on 55 96 7
off 55 0 227
on 48 96 13
off 48 0 227
on 55 96 13
off 55 0 113
on 60 96 7
off 60 0 227
on 62 96 13
off 62 0 113
on 60 96 7
off 60 0 227
on 45 96 13
off 45 0 227
on 57 96 13
off 57 0 113
on 60 96 7
off 60 0 227
on 62 96 13
off 62 0 113
on 60 96 7
off 60 0 227
on 41 96 13
off 41 0 227
on 53 96 13
off 53 0 113
on 57 96 7
off 57 0 227
on 60 96 13
off 60 0 113
on 57 96 7
off 57 0 227
on 43 96 13
off 43 0 227
on 55 96 13
off 55 0 113
on 57 96 7
off 57 0 227
on 59 96 13
off 59 0 227
on 52 96 133
on 55 96 63
on 60 96 63
off 55 0 1792
off 60 0 0
off 52 0 1
